#     BLOCK:   ACTUAL_T:     T_AVE:       ERROR:
           1      1.1548      1.1548           0
           2     1.10008     1.12744    0.019349
           3     1.10306     1.11931   0.0145057
           4     1.11273     1.11767   0.0109723
           5     1.10083      1.1143  0.00928043
           6     1.08162     1.10885  0.00919426
           7     1.11217     1.10933  0.00789303
           8     1.11877     1.11051  0.00699403
           9     1.09315     1.10858   0.0064774
          10     1.10678      1.1084  0.00583215
          11     1.09468     1.10715  0.00543359
          12     1.08452     1.10527  0.00529784
          13     1.09854     1.10475  0.00491554
          14      1.0894     1.10365  0.00468504
          15     1.07381     1.10166  0.00477653
          16     1.09485     1.10124  0.00449695
          17     1.11487     1.10204  0.00430331
          18     1.10521     1.10221  0.00406783
          19     1.10744     1.10249  0.00386303
          20     1.11373     1.10305  0.00371054
          21     1.10421     1.10311  0.00353426
          22     1.11393      1.1036  0.00340769
          23     1.11689     1.10418  0.00330816
          24     1.09425     1.10376  0.00319608
          25      1.1084     1.10395  0.00307361
          26     1.11629     1.10442   0.0029918
          27     1.10252     1.10435  0.00288183
          28     1.10444     1.10436   0.0027789
          29     1.09939     1.10418  0.00268835
          30     1.09065     1.10373  0.00263635
          31     1.11467     1.10409   0.0025748
          32     1.11749      1.1045   0.0025282
          33     1.07739     1.10368  0.00258167
          34     1.11825     1.10411  0.00254103
          35     1.09233     1.10377  0.00249064
          36     1.08751     1.10332  0.00246209
          37     1.12293     1.10385  0.00245193
          38     1.10796     1.10396   0.0023898
          39     1.12592     1.10452  0.00239396
          40     1.09422     1.10427  0.00234794
          41     1.09266     1.10398  0.00230767
          42     1.09533     1.10378  0.00226191
          43     1.10221     1.10374   0.0022096
          44     1.08429      1.1033  0.00220316
          45     1.07796     1.10274  0.00222499
          46     1.09016     1.10246  0.00219335
          47     1.12176     1.10287  0.00218478
          48     1.08935     1.10259  0.00215736
          49      1.1127      1.1028  0.00212318
          50     1.08245     1.10239  0.00211937
          51     1.08836     1.10212   0.0020956
          52     1.10311     1.10213  0.00205539
          53     1.07802     1.10168  0.00206636
          54     1.08232     1.10132  0.00205897
          55     1.09222     1.10116  0.00202817
          56      1.1099     1.10131  0.00199796
          57     1.09051     1.10112  0.00197187
          58     1.11559     1.10137   0.0019536
          59     1.10736     1.10147  0.00192312
          60      1.0931     1.10133  0.00189613
          61     1.10819     1.10145  0.00186837
          62     1.10743     1.10154  0.00184073
          63      1.1189     1.10182    0.001832
          64     1.11086     1.10196  0.00180882
          65     1.07399     1.10153  0.00183146
          66      1.1296     1.10195  0.00185244
          67     1.08267     1.10167  0.00184701
          68     1.10617     1.10173  0.00182104
          69     1.11311      1.1019  0.00180209
          70     1.10325     1.10192  0.00177645
          71     1.09955     1.10188  0.00175175
          72     1.09571      1.1018  0.00172951
          73     1.09529     1.10171  0.00170812
          74     1.08717     1.10151   0.0016963
          75     1.10631     1.10158  0.00167489
          76     1.08826      1.1014  0.00166199
          77     1.10871      1.1015  0.00164311
          78      1.1092     1.10159  0.00162502
          79     1.08269     1.10136  0.00162197
          80     1.10263     1.10137  0.00160177
          81     1.11263     1.10151  0.00158802
          82     1.09266      1.1014  0.00157232
          83     1.09467     1.10132  0.00155547
          84     1.09436     1.10124  0.00153916
          85     1.09926     1.10121  0.00152123
          86     1.09019     1.10109  0.00150893
          87     1.11628     1.10126  0.00150165
          88     1.09931     1.10124  0.00148475
          89     1.09744      1.1012  0.00146868
          90     1.11811     1.10138  0.00146433
          91     1.09607     1.10133   0.0014494
          92     1.11607     1.10149  0.00144248
          93      1.1037     1.10151  0.00142717
          94     1.09178     1.10141  0.00141573
          95     1.09598     1.10135  0.00140198
          96      1.0825     1.10115  0.00140106
          97     1.09266     1.10107  0.00138935
          98     1.10854     1.10114  0.00137727
          99     1.07136     1.10084  0.00139582
         100      1.0844     1.10068  0.00139151
         101     1.10244     1.10069  0.00137785
         102     1.09885     1.10068  0.00136445
         103     1.10512     1.10072  0.00135189
         104     1.06265     1.10035  0.00138756
         105     1.10573      1.1004  0.00137529
         106       1.063     1.10005  0.00140687
         107     1.07567     1.09982  0.00141206
         108     1.10479     1.09987  0.00139973
         109     1.09359     1.09981  0.00138808
         110     1.10105     1.09982  0.00137551
         111     1.10129     1.09984  0.00136318
         112     1.10788     1.09991   0.0013529
         113     1.08752      1.0998  0.00134536
         114      1.0738     1.09957  0.00135275
         115     1.12091     1.09976  0.00135366
         116     1.11037     1.09985  0.00134508
         117      1.0725     1.09961  0.00135374
         118     1.10292     1.09964  0.00134256
         119     1.10081     1.09965  0.00133131
         120     1.10624     1.09971  0.00132135
         121     1.08839     1.09961  0.00131373
         122     1.12439     1.09982  0.00131857
         123     1.06836     1.09956  0.00133241
         124     1.06904     1.09931  0.00134421
         125     1.09733      1.0993  0.00133355
         126     1.08089     1.09915  0.00133094
         127     1.08647     1.09905   0.0013242
         128     1.09305     1.09901  0.00131469
         129     1.11436     1.09912  0.00130987
         130     1.11442     1.09924  0.00130507
         131     1.09034     1.09917  0.00129687
         132     1.08781     1.09909   0.0012899
         133     1.07791     1.09893     0.00129
         134      1.0728     1.09873  0.00129503
         135     1.10993     1.09882  0.00128809
         136     1.07613     1.09865  0.00128937
         137      1.0837     1.09854  0.00128457
         138     1.08828     1.09847  0.00127741
         139      1.0965     1.09845   0.0012683
         140     1.11753     1.09859  0.00126654
         141     1.09452     1.09856  0.00125789
         142     1.11865      1.0987  0.00125697
         143     1.10589     1.09875  0.00124918
         144     1.08908     1.09868  0.00124231
         145     1.10361     1.09872  0.00123421
         146     1.11793     1.09885  0.00123275
         147     1.08722     1.09877   0.0012269
         148     1.08561     1.09868  0.00122183
         149     1.09421     1.09865    0.001214
         150     1.08133     1.09854  0.00121138
         151     1.11221     1.09863  0.00120674
         152      1.0843     1.09853  0.00120248
         153     1.08381     1.09844  0.00119846
         154     1.12003     1.09858  0.00119885
         155     1.09673     1.09856  0.00119118
         156     1.07411     1.09841  0.00119381
         157     1.10558     1.09845  0.00118708
         158     1.10818     1.09852  0.00118116
         159     1.08339     1.09842  0.00117756
         160     1.10066     1.09843  0.00117028
         161     1.08902     1.09838  0.00116447
         162     1.09871     1.09838  0.00115729
         163     1.09003     1.09833  0.00115132
         164     1.08703     1.09826  0.00114636
         165     1.08926      1.0982  0.00114071
         166     1.08228     1.09811  0.00113786
         167     1.10454     1.09815   0.0011317
         168     1.10206     1.09817   0.0011252
         169     1.09235     1.09813  0.00111907
         170     1.10374     1.09817  0.00111297
         171     1.09754     1.09816  0.00110647
         172     1.11131     1.09824  0.00110268
         173      1.0994     1.09825  0.00109632
         174     1.09294     1.09822  0.00109045
         175     1.09931     1.09822  0.00108423
         176     1.12446     1.09837  0.00108827
         177     1.09577     1.09836  0.00108222
         178     1.08423     1.09828  0.00107905
         179     1.07217     1.09813  0.00108283
         180      1.0901     1.09809  0.00107773
         181      1.1036     1.09812  0.00107221
         182      1.0972     1.09811  0.00106633
         183     1.08375     1.09803  0.00106339
         184     1.06598     1.09786  0.00107178
         185     1.10032     1.09787  0.00106607
         186     1.09617     1.09786  0.00106038
         187     1.09779     1.09786  0.00105471
         188     1.09822     1.09787   0.0010491
         189     1.08821     1.09781  0.00104479
         190     1.11067     1.09788  0.00104148
         191      1.1073     1.09793   0.0010372
         192     1.13716     1.09814  0.00105172
         193     1.11491     1.09822  0.00104986
         194     1.10601     1.09826  0.00104521
         195     1.08834     1.09821  0.00104109
         196     1.11186     1.09828  0.00103811
         197     1.07305     1.09815  0.00104071
         198     1.11228     1.09823   0.0010379
         199     1.10799     1.09827  0.00103384
         200     1.10508     1.09831  0.00102923
