1 -0.0828319 0
2 -0.195939 1.04052
3 -0.2194 0.686925
4 -0.185966 0.555844
5 -0.222367 0.45414
6 -0.245148 0.398341
7 -0.21943 0.356156
8 -0.214834 0.320278
9 -0.20288 0.293808
10 -0.220499 0.273064
11 -0.248157 0.257723
12 -0.246345 0.242032
13 -0.257266 0.230243
14 -0.264472 0.221741
15 -0.270092 0.213867
16 -0.256502 0.212005
17 -0.245993 0.203023
18 -0.256055 0.197448
19 -0.247319 0.190511
20 -0.247758 0.185179
21 -0.211461 0.313692
22 -0.210797 0.300837
23 -0.204696 0.291523
24 -0.206391 0.280981
25 -0.191275 0.312623
26 -0.19667 0.303159
27 -0.203447 0.293263
28 -0.194385 0.283537
29 -0.191316 0.274589
30 -0.197845 0.266478
31 -0.199382 0.258663
32 -0.196144 0.252532
33 -0.196758 0.245829
34 -0.182842 0.244377
35 -0.188839 0.238569
36 -0.194326 0.232912
37 -0.198493 0.2273
38 -0.198761 0.222278
39 -0.205177 0.21749
40 -0.209196 0.212793
41 -0.213612 0.208505
42 -0.194597 0.222187
43 -0.194165 0.217564
44 -0.196848 0.213377
45 -0.196083 0.209248
46 -0.192961 0.205176
47 -0.195379 0.201478
48 -0.199072 0.197772
49 -0.199655 0.194452
50 -0.205414 0.191545
51 -0.202284 0.191123
52 -0.203756 0.188028
53 -0.208195 0.185071
54 -0.207349 0.182035
55 -0.210887 0.179309
56 -0.208393 0.177623
57 -0.207568 0.175566
58 -0.205922 0.173515
59 -0.205524 0.171295
60 -0.203448 0.170062
61 -0.20441 0.167731
62 -0.205668 0.165525
63 -0.206081 0.164674
64 -0.207114 0.162486
65 -0.205128 0.160521
66 -0.205815 0.158495
67 -0.209022 0.1566
68 -0.209282 0.15474
69 -0.21366 0.152992
70 -0.214439 0.151175
71 -0.214336 0.149357
72 -0.218098 0.147743
73 -0.218243 0.14616
74 -0.215675 0.146032
75 -0.216344 0.14442
76 -0.216427 0.143041
77 -0.21731 0.14148
78 -0.2188 0.140176
79 -0.218579 0.13863
80 -0.219521 0.137245
81 -0.220868 0.136011
82 -0.22056 0.134631
83 -0.222183 0.133306
84 -0.223871 0.132036
85 -0.22311 0.130725
86 -0.222562 0.129614
87 -0.223452 0.128484
88 -0.222807 0.127941
89 -0.225971 0.126837
90 -0.228828 0.12578
91 -0.21427 0.132989
92 -0.21476 0.131784
93 -0.214813 0.130881
94 -0.215072 0.129686
95 -0.216104 0.128705
96 -0.217353 0.127634
97 -0.219142 0.126668
98 -0.217238 0.126052
99 -0.218661 0.12521
100 -0.219068 0.124182
101 -0.221253 0.123194
102 -0.222846 0.122288
103 -0.224367 0.121321
104 -0.223189 0.120314
105 -0.225005 0.119417
106 -0.22642 0.118999
107 -0.221384 0.121537
108 -0.220724 0.120562
109 -0.218803 0.120268
110 -0.219365 0.119354
111 -0.196826 0.146281
112 -0.198611 0.145187
113 -0.198741 0.144025
114 -0.198117 0.143079
115 -0.199231 0.142355
116 -0.200254 0.141293
117 -0.199762 0.140204
118 -0.20211 0.139153
119 -0.202492 0.138098
120 -0.203014 0.137114
121 -0.202311 0.136107
122 -0.202303 0.135339
123 -0.204151 0.134448
124 -0.204937 0.133512
125 -0.206438 0.132622
126 -0.206516 0.131709
127 -0.20813 0.130879
128 -0.207801 0.129993
129 -0.208493 0.12912
130 -0.210359 0.128269
131 -0.211554 0.127431
132 -0.211472 0.126689
133 -0.21263 0.12587
134 -0.212948 0.125062
135 -0.210367 0.124805
136 -0.210411 0.123982
137 -0.210941 0.123217
138 -0.213113 0.122464
139 -0.214114 0.121685
140 -0.214889 0.120945
141 -0.21554 0.120208
142 -0.217169 0.119488
143 -0.217025 0.11877
144 -0.217806 0.118129
145 -0.216767 0.117419
146 -0.216799 0.116715
147 -0.218352 0.116047
148 -0.219645 0.115383
149 -0.219962 0.114715
150 -0.220793 0.114049
151 -0.221282 0.11341
152 -0.219911 0.112796
153 -0.220234 0.112138
154 -0.220861 0.111482
155 -0.220358 0.11093
156 -0.212201 0.118489
157 -0.212269 0.117807
158 -0.211535 0.11739
159 -0.210907 0.116723
160 -0.212289 0.116175
161 -0.211263 0.115558
162 -0.21203 0.114932
163 -0.213205 0.114327
164 -0.215042 0.113743
165 -0.216188 0.113144
166 -0.216231 0.112548
167 -0.217161 0.111947
168 -0.218195 0.11136
169 -0.219321 0.110816
170 -0.220956 0.110274
171 -0.221446 0.109717
172 -0.221721 0.109153
173 -0.220681 0.108978
174 -0.220568 0.108425
175 -0.22205 0.107905
176 -0.222618 0.107466
177 -0.222926 0.106932
178 -0.223172 0.106407
179 -0.222994 0.106064
180 -0.223247 0.105543
181 -0.224266 0.105055
182 -0.222568 0.104874
183 -0.223959 0.104383
184 -0.224691 0.103937
185 -0.225931 0.103479
186 -0.22622 0.102991
187 -0.226267 0.10251
188 -0.225716 0.102231
189 -0.225657 0.101745
190 -0.22673 0.101297
191 -0.22604 0.100841
192 -0.225662 0.100479
193 -0.225832 0.100041
194 -0.225271 0.0995723
195 -0.223685 0.0994593
196 -0.221871 0.0998426
197 -0.221892 0.0993957
198 -0.221759 0.098971
199 -0.221493 0.098557
200 -0.221761 0.0981235
201 -0.221094 0.0976895
202 -0.222191 0.0973073
203 -0.222527 0.0968923
204 -0.221645 0.0964673
205 -0.220375 0.0960479
206 -0.221379 0.0956604
207 -0.222271 0.0952755
208 -0.223242 0.0949191
209 -0.223797 0.094534
210 -0.223859 0.0941574
211 -0.221414 0.0945744
212 -0.20558 0.107658
213 -0.205113 0.107197
214 -0.205237 0.106749
215 -0.204906 0.106297
216 -0.205638 0.105859
217 -0.206565 0.105426
218 -0.207333 0.10502
219 -0.207761 0.104595
220 -0.208225 0.104178
221 -0.207167 0.103915
222 -0.208273 0.103518
223 -0.208706 0.103108
224 -0.209119 0.102692
225 -0.209254 0.10256
226 -0.210527 0.10216
227 -0.210639 0.101819
228 -0.211011 0.101417
229 -0.212266 0.101035
230 -0.21219 0.100641
231 -0.212394 0.100248
232 -0.211786 0.0998582
233 -0.211402 0.0995463
234 -0.211929 0.0991634
235 -0.213206 0.0987921
236 -0.213493 0.0984225
237 -0.212964 0.0980517
238 -0.212932 0.0977052
239 -0.212974 0.0975606
240 -0.213448 0.097231
241 -0.213882 0.0968764
242 -0.215056 0.0965531
243 -0.215407 0.0962004
244 -0.215877 0.0958571
245 -0.215008 0.0955079
246 -0.215112 0.0953455
247 -0.214753 0.0950042
248 -0.215101 0.0946831
249 -0.215264 0.0943501
250 -0.215757 0.0940159
251 -0.214992 0.0936965
252 -0.21489 0.0933637
253 -0.214783 0.093128
254 -0.213999 0.0935132
255 -0.214662 0.0931943
256 -0.215022 0.0928771
257 -0.215029 0.0926434
258 -0.214789 0.0923255
259 -0.215494 0.0920246
260 -0.215788 0.0917172
261 -0.216223 0.091411
262 -0.214892 0.0918506
263 -0.215368 0.0915395
264 -0.215445 0.0912327
265 -0.211844 0.0944765
266 -0.21243 0.0941558
267 -0.212774 0.0938584
268 -0.211157 0.0938142
269 -0.210772 0.0935468
270 -0.211377 0.0932482
271 -0.211992 0.0929719
272 -0.21262 0.0926767
273 -0.213071 0.0924281
274 -0.21328 0.0921623
275 -0.211765 0.0919724
276 -0.212037 0.0916693
277 -0.211014 0.091517
278 -0.2117 0.0912431
279 -0.210745 0.0911065
280 -0.210802 0.0908564
281 -0.21132 0.0905737
282 -0.2106 0.0905429
283 -0.2112 0.0902682
284 -0.211246 0.0900019
285 -0.211399 0.0899013
286 -0.211657 0.0896171
287 -0.212286 0.0893497
288 -0.211704 0.0891011
289 -0.21188 0.0888989
290 -0.212005 0.0886703
291 -0.212554 0.0884454
292 -0.21242 0.0881791
293 -0.212403 0.0879331
294 -0.212215 0.087665
295 -0.212524 0.0874075
296 -0.213518 0.087157
297 -0.21399 0.0869053
298 -0.213577 0.0866466
299 -0.213901 0.0864891
300 -0.213557 0.0863519
301 -0.21328 0.0860975
302 -0.21274 0.0860133
303 -0.21236 0.0859397
304 -0.212464 0.0857258
305 -0.211255 0.0863189
306 -0.210979 0.086091
307 -0.209505 0.0865429
308 -0.210094 0.0862994
309 -0.211112 0.0860668
310 -0.210831 0.085875
311 -0.211189 0.0856358
312 -0.211441 0.0853953
313 -0.210966 0.0851474
314 -0.211104 0.0849521
315 -0.211311 0.0847176
316 -0.212428 0.0844894
317 -0.213338 0.0842714
318 -0.214033 0.0840406
319 -0.213551 0.0838021
320 -0.206463 0.0893074
321 -0.206646 0.089054
322 -0.206792 0.0888047
323 -0.207011 0.0885665
324 -0.207024 0.088317
325 -0.207081 0.0880698
326 -0.206466 0.0878992
327 -0.207078 0.0876871
328 -0.207232 0.0874454
329 -0.207828 0.0872105
330 -0.208373 0.0869844
331 -0.20805 0.0867445
332 -0.207656 0.0865705
333 -0.207702 0.0863439
334 -0.208568 0.0861316
335 -0.20863 0.0858999
336 -0.208764 0.0856727
337 -0.208413 0.0855485
338 -0.209024 0.0853239
339 -0.208524 0.0851749
340 -0.208707 0.0849494
341 -0.208599 0.0847226
342 -0.209214 0.0845061
343 -0.209799 0.0843045
344 -0.210189 0.0840873
345 -0.210406 0.0838989
346 -0.208686 0.0842602
347 -0.209048 0.0840436
348 -0.209172 0.0838288
349 -0.209292 0.0836132
350 -0.20868 0.0836566
351 -0.209348 0.0834513
352 -0.208841 0.0832914
353 -0.208856 0.0831037
354 -0.208259 0.0829601
355 -0.208189 0.0827499
356 -0.208348 0.0825868
357 -0.209191 0.0823871
358 -0.208995 0.0821787
359 -0.208824 0.082
360 -0.208313 0.0818028
361 -0.209028 0.0816052
362 -0.209785 0.0814128
363 -0.209279 0.0813493
364 -0.209559 0.081152
365 -0.209793 0.0809783
366 -0.209811 0.08078
367 -0.209783 0.0805953
368 -0.208853 0.0804556
369 -0.209281 0.0802674
370 -0.20718 0.0812571
371 -0.207752 0.0810645
372 -0.208006 0.0808836
373 -0.208003 0.0807117
374 -0.208103 0.0805161
375 -0.208197 0.0803292
376 -0.208615 0.0801383
377 -0.208879 0.0799537
378 -0.209132 0.0797744
379 -0.209152 0.0795943
380 -0.209938 0.0794132
381 -0.210033 0.0792299
382 -0.21013 0.0790388
383 -0.21056 0.0788628
384 -0.211234 0.0786978
385 -0.21152 0.0785137
386 -0.212222 0.078336
387 -0.212841 0.0781583
388 -0.213037 0.0779786
389 -0.211181 0.0785262
390 -0.211529 0.0783489
391 -0.211926 0.0781687
392 -0.212569 0.0779947
393 -0.212976 0.0778183
394 -0.21297 0.0776376
395 -0.212932 0.0775017
396 -0.213013 0.077328
397 -0.213988 0.0771892
398 -0.214025 0.0770346
399 -0.213739 0.0769573
400 -0.214165 0.076806
401 -0.21318 0.0770005
402 -0.213564 0.0768895
403 -0.213514 0.0767172
404 -0.213452 0.0765459
405 -0.214116 0.07647
406 -0.213771 0.0763277
407 -0.214252 0.0761661
408 -0.214264 0.0760037
409 -0.214856 0.075847
410 -0.215154 0.0756859
411 -0.215221 0.0755171
412 -0.215248 0.0753506
413 -0.215377 0.0751896
414 -0.216333 0.075038
415 -0.217032 0.0748808
416 -0.216189 0.0749105
417 -0.216122 0.0747496
418 -0.216361 0.0745932
419 -0.216997 0.0744376
420 -0.217086 0.0742785
421 -0.217214 0.0741231
422 -0.217413 0.0739724
423 -0.217845 0.0738174
424 -0.218397 0.0736684
425 -0.218557 0.0735167
426 -0.218471 0.0733628
427 -0.218922 0.0732129
428 -0.218872 0.0730604
429 -0.218567 0.0729127
430 -0.218753 0.0727827
431 -0.219111 0.0726363
432 -0.219702 0.0724986
433 -0.219387 0.0723527
434 -0.219362 0.0722002
435 -0.219519 0.0720642
436 -0.219876 0.0719143
437 -0.220129 0.071781
438 -0.220236 0.0716348
439 -0.219723 0.0714866
440 -0.219603 0.0713433
441 -0.219726 0.0712031
442 -0.219659 0.0710564
443 -0.219871 0.0709491
444 -0.219345 0.0708478
445 -0.219248 0.0706998
446 -0.219172 0.070553
447 -0.218715 0.0704123
448 -0.218609 0.0702783
449 -0.218828 0.0701495
450 -0.218199 0.0703259
451 -0.218467 0.0701912
452 -0.218574 0.0700512
453 -0.218914 0.0699205
454 -0.218765 0.06982
455 -0.218813 0.0696858
456 -0.218747 0.069556
457 -0.218801 0.0694206
458 -0.219006 0.0693195
459 -0.219114 0.069238
460 -0.219309 0.0691039
461 -0.219362 0.0689728
462 -0.219362 0.0688423
463 -0.219861 0.0687192
464 -0.220389 0.0685971
465 -0.22057 0.0684681
466 -0.220429 0.0683395
467 -0.220355 0.0682236
468 -0.220507 0.0680941
469 -0.220913 0.067969
470 -0.220908 0.0678434
471 -0.220755 0.0677221
472 -0.220822 0.0676301
473 -0.220892 0.0675105
474 -0.220895 0.0673886
475 -0.220983 0.0672631
476 -0.221236 0.0671479
477 -0.221629 0.0670311
478 -0.222016 0.066909
479 -0.222348 0.0667858
480 -0.222693 0.0666629
481 -0.222579 0.0665698
482 -0.222873 0.0664588
483 -0.22308 0.066341
484 -0.223191 0.0662216
485 -0.223252 0.0661033
486 -0.223501 0.065991
487 -0.223491 0.0658696
488 -0.223652 0.0657535
489 -0.223797 0.0656362
490 -0.223933 0.0655223
491 -0.224458 0.0654212
492 -0.224268 0.0653027
493 -0.224413 0.0651991
494 -0.224962 0.0650872
495 -0.22546 0.0649761
496 -0.225638 0.0648649
497 -0.225521 0.0647867
498 -0.225732 0.0646812
499 -0.225966 0.0645705
500 -0.225828 0.0644621
501 -0.225986 0.0643499
502 -0.225921 0.0642377
503 -0.225773 0.0641281
504 -0.225953 0.0640897
505 -0.225515 0.0639723
506 -0.224983 0.0639459
507 -0.224051 0.0641911
508 -0.224394 0.0640823
509 -0.224204 0.0640192
510 -0.224226 0.0639057
511 -0.224134 0.0638018
512 -0.224032 0.0636971
513 -0.224242 0.063587
514 -0.224395 0.0634811
515 -0.224618 0.0633738
516 -0.22458 0.0632665
517 -0.224774 0.0631627
518 -0.224797 0.0630557
519 -0.225048 0.0629522
520 -0.225215 0.0628488
521 -0.225612 0.062766
522 -0.225561 0.0626585
523 -0.225394 0.0626763
524 -0.225063 0.0625702
525 -0.225161 0.0624666
526 -0.225815 0.0623664
527 -0.225667 0.0622593
528 -0.225894 0.0621597
529 -0.225627 0.0620554
530 -0.225851 0.0619523
531 -0.226247 0.0618552
532 -0.226432 0.061787
533 -0.226258 0.0616833
534 -0.226312 0.0615851
535 -0.224747 0.0620446
536 -0.224598 0.0619434
537 -0.222517 0.0622406
538 -0.222176 0.0622052
539 -0.222468 0.0621059
540 -0.221846 0.062162
541 -0.221889 0.0620643
542 -0.221545 0.0619618
543 -0.221687 0.0618606
544 -0.221454 0.0618036
545 -0.221368 0.0617064
546 -0.221418 0.0616206
547 -0.221494 0.061527
548 -0.221605 0.0614313
549 -0.221387 0.0613605
550 -0.221581 0.0612719
551 -0.221744 0.061192
552 -0.22185 0.061104
553 -0.221383 0.0610314
554 -0.221844 0.0609392
555 -0.221987 0.0608693
556 -0.221935 0.0607799
557 -0.222126 0.0606857
558 -0.222102 0.0606178
559 -0.221975 0.060523
560 -0.222169 0.0604321
561 -0.222057 0.060332
562 -0.222035 0.0602409
563 -0.221813 0.0601466
564 -0.221918 0.0600544
565 -0.221937 0.059961
566 -0.22181 0.0598653
567 -0.221604 0.0597707
568 -0.221885 0.0596817
569 -0.222372 0.0596069
570 -0.222655 0.0595185
571 -0.222855 0.0594314
572 -0.222613 0.0593399
573 -0.223236 0.0592869
574 -0.223645 0.0592023
575 -0.22381 0.0591147
576 -0.224024 0.0590325
577 -0.224179 0.0590008
578 -0.223926 0.0589445
579 -0.224168 0.0588652
580 -0.224616 0.0587854
581 -0.224926 0.0586998
582 -0.225084 0.0586611
583 -0.224945 0.0585894
584 -0.225478 0.058507
585 -0.2256 0.0584168
586 -0.22562 0.0583262
587 -0.226051 0.058243
588 -0.226085 0.0581725
589 -0.226235 0.0580887
590 -0.22614 0.0580129
591 -0.226242 0.0579346
592 -0.22617 0.0578984
593 -0.22617 0.0579205
594 -0.226035 0.0578344
595 -0.226215 0.0577498
596 -0.226551 0.0576699
597 -0.226992 0.0575885
598 -0.227165 0.0575087
599 -0.227612 0.0574289
600 -0.227763 0.057348
601 -0.227771 0.0572637
602 -0.227807 0.0571795
603 -0.227902 0.0570958
604 -0.228085 0.0570131
605 -0.227886 0.0569315
606 -0.227972 0.0568528
607 -0.228058 0.0567733
608 -0.228108 0.0566916
609 -0.227809 0.0566561
610 -0.228191 0.0565782
611 -0.228136 0.0564996
612 -0.228117 0.0564449
613 -0.228355 0.0563661
614 -0.22729 0.0567909
615 -0.227552 0.0567112
616 -0.226573 0.0567368
617 -0.225692 0.0569614
618 -0.225643 0.0568787
619 -0.225906 0.0568001
620 -0.225943 0.0567778
621 -0.224978 0.0569915
622 -0.224829 0.0569117
623 -0.225042 0.0568288
624 -0.225219 0.0567501
625 -0.225631 0.0566756
626 -0.225542 0.0565947
627 -0.225815 0.0565169
628 -0.22608 0.0564379
629 -0.22623 0.0563591
630 -0.226276 0.0562813
631 -0.226212 0.056213
632 -0.226548 0.0561395
633 -0.226095 0.0561789
634 -0.226167 0.0561006
635 -0.226091 0.0560242
636 -0.226034 0.0559503
637 -0.2262 0.0558761
638 -0.226199 0.0557987
639 -0.226139 0.0557248
640 -0.226125 0.0556488
641 -0.226147 0.0556039
642 -0.22599 0.0555283
643 -0.226444 0.0554537
644 -0.226438 0.0553776
645 -0.226476 0.0553012
646 -0.226476 0.0552292
647 -0.226784 0.0551592
648 -0.227059 0.0550885
649 -0.227052 0.0550164
650 -0.227084 0.0549424
651 -0.227292 0.0548708
652 -0.227712 0.0548184
653 -0.227863 0.0547531
654 -0.227896 0.0546806
655 -0.228189 0.054608
656 -0.228414 0.0545369
657 -0.228391 0.0544813
658 -0.228989 0.0544142
659 -0.228513 0.0543718
660 -0.228743 0.054301
661 -0.228648 0.0542381
662 -0.228765 0.0541685
663 -0.228928 0.0540993
664 -0.229162 0.0540285
665 -0.229237 0.0539601
666 -0.229029 0.0538904
667 -0.229296 0.0538228
668 -0.229428 0.0537562
669 -0.229685 0.0536851
670 -0.229856 0.0536173
671 -0.229591 0.053547
672 -0.229567 0.0534743
673 -0.229647 0.0534049
674 -0.22964 0.0533368
675 -0.229823 0.0532687
676 -0.229851 0.0531997
677 -0.229843 0.0531324
678 -0.23003 0.0530656
679 -0.23011 0.0529979
680 -0.230083 0.052949
681 -0.230225 0.0528891
682 -0.230009 0.0528326
683 -0.230199 0.0527657
684 -0.230117 0.0527053
685 -0.230172 0.0526427
686 -0.230456 0.0525783
687 -0.230559 0.0525146
688 -0.230687 0.0524492
689 -0.230599 0.0523822
690 -0.230707 0.0523193
691 -0.230853 0.0522695
692 -0.230717 0.0522633
693 -0.230752 0.0522034
694 -0.230936 0.0521418
695 -0.230945 0.0520752
696 -0.231363 0.0520141
697 -0.231501 0.0519528
698 -0.2318 0.0518917
699 -0.231306 0.0518344
700 -0.231528 0.0517733
701 -0.231692 0.0517182
702 -0.23184 0.0516548
703 -0.232048 0.0515939
704 -0.231893 0.0515351
705 -0.231965 0.0514718
706 -0.232425 0.0514117
707 -0.232772 0.0513544
708 -0.232665 0.0512904
709 -0.232737 0.051228
710 -0.233058 0.0511675
711 -0.233243 0.0511061
712 -0.233549 0.051045
713 -0.233679 0.0509855
714 -0.23354 0.0509329
715 -0.233606 0.0508727
716 -0.233327 0.0508554
717 -0.233432 0.0508132
718 -0.233562 0.0507763
719 -0.233806 0.0507208
720 -0.23407 0.0506656
721 -0.234075 0.0506054
722 -0.234101 0.0505447
723 -0.234466 0.0505045
724 -0.234049 0.0504784
725 -0.234032 0.0504182
726 -0.234404 0.0503611
727 -0.234449 0.0503024
728 -0.234563 0.0502438
729 -0.234513 0.0501853
730 -0.234715 0.0501266
731 -0.234519 0.0500743
732 -0.234573 0.0500179
733 -0.234395 0.0499587
734 -0.234296 0.0498991
735 -0.234468 0.0498484
736 -0.234644 0.0497933
737 -0.234329 0.0497354
738 -0.234132 0.0496752
739 -0.234006 0.049615
740 -0.234015 0.0495563
741 -0.233821 0.0495205
742 -0.23261 0.049912
743 -0.232804 0.0498549
744 -0.233023 0.0497992
745 -0.233334 0.0497437
746 -0.233518 0.0496859
747 -0.233431 0.0496291
748 -0.233 0.0496404
749 -0.232627 0.0497267
750 -0.232633 0.0496682
751 -0.23241 0.0496303
752 -0.232531 0.0495741
753 -0.23261 0.0495194
754 -0.232594 0.049464
755 -0.232764 0.0494088
756 -0.232748 0.0493521
757 -0.23288 0.0492976
758 -0.2327 0.0492516
759 -0.232652 0.0492063
760 -0.232384 0.0491597
761 -0.232641 0.0491083
762 -0.232631 0.0490525
763 -0.232375 0.0492084
764 -0.232788 0.0491565
765 -0.232697 0.0491001
766 -0.232688 0.049045
767 -0.232768 0.048996
768 -0.23312 0.0489444
769 -0.233511 0.0488945
770 -0.233488 0.0488387
771 -0.233745 0.0487859
772 -0.233673 0.0487502
773 -0.233502 0.0487071
774 -0.233289 0.0486514
775 -0.233347 0.0485998
776 -0.233554 0.0485536
777 -0.233841 0.0485013
778 -0.234015 0.0484494
779 -0.233964 0.0483968
780 -0.234189 0.0483462
781 -0.23447 0.0482962
782 -0.234384 0.048243
783 -0.234597 0.048192
784 -0.234824 0.0481397
785 -0.235193 0.0480904
786 -0.235176 0.0480386
787 -0.235117 0.0479855
788 -0.235141 0.0479326
789 -0.235407 0.0478822
790 -0.235272 0.047842
791 -0.235443 0.0477907
792 -0.235439 0.0477426
793 -0.235565 0.0476917
794 -0.235611 0.0476393
795 -0.235659 0.047589
796 -0.235804 0.0475368
797 -0.235728 0.0475535
798 -0.235761 0.0475141
799 -0.235703 0.0474631
800 -0.235632 0.0474101
801 -0.235639 0.0473761
802 -0.235814 0.0473259
803 -0.235886 0.0472757
804 -0.235971 0.0472246
805 -0.236091 0.0471753
806 -0.236215 0.0471276
807 -0.236104 0.0470872
808 -0.236303 0.0470379
809 -0.236725 0.0469917
810 -0.236781 0.0469407
811 -0.236667 0.0468907
812 -0.236087 0.0469078
813 -0.236229 0.0468676
814 -0.23632 0.0468191
815 -0.235241 0.0468946
816 -0.235348 0.0468466
817 -0.235617 0.0467988
818 -0.235786 0.0467528
819 -0.235967 0.0467057
820 -0.235732 0.0466681
821 -0.235746 0.0466207
822 -0.235749 0.0465723
823 -0.235639 0.0465245
824 -0.235517 0.046495
825 -0.235528 0.0464473
826 -0.235678 0.0463975
827 -0.235454 0.0463491
828 -0.235328 0.0463081
829 -0.235217 0.0462578
830 -0.234657 0.0462382
831 -0.234669 0.0462065
832 -0.234882 0.0461596
833 -0.234792 0.0461367
834 -0.235026 0.0460918
835 -0.235239 0.0460473
836 -0.234545 0.0461031
837 -0.234831 0.0460594
838 -0.234986 0.0460135
839 -0.235144 0.0459682
840 -0.235104 0.0459207
841 -0.234945 0.0458831
842 -0.23479 0.0458347
843 -0.234475 0.0458339
844 -0.234468 0.0457863
845 -0.234304 0.0457409
846 -0.234581 0.0456971
847 -0.234614 0.0456497
848 -0.234482 0.0456197
849 -0.234312 0.0455797
850 -0.234518 0.0455362
851 -0.234496 0.045491
852 -0.23463 0.0454451
853 -0.234529 0.0454177
854 -0.234394 0.0453751
855 -0.234433 0.0453306
856 -0.234547 0.0452869
857 -0.234621 0.045242
858 -0.234424 0.0452291
859 -0.23474 0.0451885
860 -0.235061 0.0451462
861 -0.235039 0.0451007
862 -0.235091 0.0450576
863 -0.235297 0.0450132
864 -0.235395 0.0449699
865 -0.235462 0.0449259
866 -0.235289 0.0448791
867 -0.235335 0.0448368
868 -0.235698 0.0447952
869 -0.23586 0.0447522
870 -0.235837 0.04471
871 -0.235849 0.0446671
872 -0.235938 0.0446285
873 -0.235638 0.0446549
874 -0.235307 0.0446535
875 -0.23513 0.0446097
876 -0.235168 0.0445675
877 -0.235009 0.0445439
878 -0.234061 0.0446551
879 -0.234369 0.0446157
880 -0.233964 0.0446404
881 -0.234284 0.0445996
882 -0.234187 0.0445568
883 -0.234365 0.044515
884 -0.234222 0.0444702
885 -0.234307 0.0444321
886 -0.234676 0.0443919
887 -0.234118 0.0445897
888 -0.234336 0.0445597
889 -0.234395 0.0445189
890 -0.234506 0.0444946
891 -0.234579 0.0444535
892 -0.234739 0.0444106
893 -0.234592 0.0443667
894 -0.234864 0.0443244
895 -0.234932 0.0442885
896 -0.23501 0.044244
897 -0.23502 0.0442006
898 -0.235216 0.0441593
899 -0.235385 0.0441192
900 -0.235304 0.044096
901 -0.235293 0.0440525
902 -0.235384 0.0440117
903 -0.235396 0.0439744
904 -0.235548 0.0439324
905 -0.235588 0.0438913
906 -0.23568 0.0438512
907 -0.235747 0.043811
908 -0.235836 0.0437721
909 -0.235762 0.0437309
910 -0.235805 0.0436963
911 -0.236013 0.0436581
912 -0.236092 0.0436172
913 -0.235598 0.0436799
914 -0.235415 0.0436567
915 -0.235662 0.0436162
916 -0.235702 0.0435828
917 -0.235783 0.0435444
918 -0.235929 0.0435046
919 -0.235881 0.043475
920 -0.235756 0.0434393
921 -0.235598 0.0433953
922 -0.235677 0.0433599
923 -0.235925 0.0433206
924 -0.235904 0.0432823
925 -0.235979 0.0432453
926 -0.235784 0.0432041
927 -0.235568 0.0431702
928 -0.235378 0.0431492
929 -0.235353 0.0431093
930 -0.235552 0.0430705
931 -0.235617 0.0430299
932 -0.235387 0.0429903
933 -0.235537 0.0429527
934 -0.235634 0.0429135
935 -0.235534 0.0428789
936 -0.235221 0.0429166
937 -0.235113 0.0428777
938 -0.235255 0.0428399
939 -0.235064 0.0428002
940 -0.23501 0.0427602
941 -0.235014 0.0427218
942 -0.235169 0.0426936
943 -0.235292 0.0426614
944 -0.235657 0.0426347
945 -0.235548 0.0426108
946 -0.235514 0.0425717
947 -0.23472 0.0428791
948 -0.234765 0.0428418
949 -0.234853 0.0428031
950 -0.234972 0.0427658
951 -0.235009 0.0427277
952 -0.23494 0.0426892
953 -0.235084 0.0426518
954 -0.235046 0.0426463
955 -0.234947 0.0426168
956 -0.234872 0.0425785
957 -0.234834 0.0425439
958 -0.235127 0.0425063
959 -0.235257 0.0424685
960 -0.235464 0.0424338
961 -0.235376 0.0423969
962 -0.235399 0.0423598
963 -0.235186 0.0423211
964 -0.23516 0.0423237
965 -0.235336 0.0422869
966 -0.235418 0.0422491
967 -0.235412 0.0422124
968 -0.235541 0.0421753
969 -0.235879 0.0421429
970 -0.23591 0.0421064
971 -0.235999 0.0420707
972 -0.235793 0.0420359
973 -0.235848 0.0420005
974 -0.23576 0.0419685
975 -0.236034 0.0419339
976 -0.236069 0.0419006
977 -0.236178 0.0418628
978 -0.236418 0.0418292
979 -0.236215 0.0418166
980 -0.236246 0.0417813
981 -0.236069 0.0417441
982 -0.236083 0.0417075
983 -0.236316 0.0416726
984 -0.236319 0.0416369
985 -0.236373 0.0415999
986 -0.236399 0.041565
987 -0.236435 0.0415284
988 -0.236679 0.0414953
989 -0.236686 0.0414683
990 -0.236732 0.041433
991 -0.23654 0.0413964
992 -0.236418 0.0413591
993 -0.236534 0.0413335
994 -0.236753 0.0413011
995 -0.23692 0.0412702
996 -0.236778 0.0412425
997 -0.23681 0.0412077
998 -0.236975 0.0411814
999 -0.237167 0.0411487
1000 -0.237175 0.0411152
