0 473.425
1 471.376
2 463.102
3 455.366
4 446.785
5 446.785
6 425.656
7 425.656
8 421.641
9 420.571
10 414.68
11 407.751
12 405.382
13 399.755
14 399.755
15 396.802
16 390.295
17 390.295
18 386.586
19 381.31
20 374.445
21 364.987
22 362.612
23 362.612
24 341.076
25 341.076
26 341.076
27 341.076
28 341.076
29 341.076
30 341.076
31 339.542
32 333.807
33 333.807
34 332.43
35 332.43
36 321.814
37 320.093
38 320.093
39 310.505
40 310.505
41 310.505
42 310.505
43 310.505
44 310.505
45 310.505
46 309.587
47 286.715
48 286.715
49 286.715
50 286.715
51 286.715
52 286.715
53 286.715
54 286.715
55 286.715
56 286.715
57 286.715
58 286.715
59 286.715
60 286.715
61 286.715
62 286.715
63 286.715
64 286.715
65 286.715
66 286.715
67 284.045
68 281.514
69 281.514
70 280.305
71 280.305
72 280.305
73 280.305
74 280.305
75 280.305
76 277.776
77 268.93
78 268.93
79 268.93
80 268.182
81 268.163
82 268.163
83 263.221
84 263.221
85 263.221
86 262.851
87 260.301
88 255.679
89 255.679
90 255.679
91 255.679
92 253.939
93 253.939
94 253.939
95 253.939
96 253.939
97 253.939
98 253.939
99 251.242
100 246.096
101 245.85
102 245.85
103 245.85
104 243.592
105 243.592
106 243.592
107 243.29
108 234.521
109 234.521
110 234.521
111 234.521
112 234.521
113 234.521
114 234.521
115 234.521
116 234.521
117 234.521
118 234.521
119 234.521
120 234.521
121 234.521
122 233.449
123 233.449
124 233.449
125 233.449
126 233.449
127 233.449
128 233.449
129 233.449
130 233.449
131 233.449
132 228.143
133 228.143
134 228.143
135 228.143
136 228.143
137 228.143
138 228.143
139 228.143
140 228.143
141 228.143
142 228.143
143 228.143
144 227.73
145 227.73
146 227.73
147 227.73
148 227.73
149 226.351
150 226.351
151 225.453
152 225.453
153 222.187
154 222.187
155 217.961
156 217.961
157 217.818
158 213.102
159 211.831
160 211.831
161 211.831
162 202.272
163 202.272
164 202.272
165 202.272
166 202.272
167 202.272
168 202.272
169 201.135
170 201.135
171 201.135
172 201.135
173 201.135
174 201.135
175 201.135
176 201.135
177 200.599
178 200.599
179 200.599
180 200.599
181 198.253
182 198.253
183 198.253
184 198.253
185 198.253
186 198.253
187 198.253
188 196.429
189 195.958
190 195.958
191 194.159
192 194.159
193 194.159
194 194.159
195 194.159
196 194.159
197 194.159
198 194.159
199 190.56
200 190.56
201 184.171
202 184.171
203 184.171
204 183.867
205 179.411
206 179.411
207 179.411
208 179.411
209 179.411
210 179.411
211 179.411
212 179.411
213 179.411
214 179.411
215 179.411
216 179.411
217 179.411
218 176.829
219 176.829
220 176.829
221 176.829
222 172.744
223 172.744
224 172.744
225 172.744
226 172.744
227 172.744
228 172.744
229 172.744
230 172.744
231 172.226
232 172.226
233 170.233
234 170.233
235 170.233
236 170.233
237 170.233
238 169.743
239 169.491
240 169.491
241 169.491
242 169.491
243 169.491
244 169.491
245 169.491
246 169.263
247 169.263
248 166.861
249 166.861
250 166.861
251 166.861
252 166.861
253 166.594
254 162.142
255 162.142
256 162.142
257 162.142
258 162.142
259 161.424
260 161.424
261 161.424
262 161.424
263 161.113
264 161.113
265 161.113
266 161.113
267 161.113
268 161.113
269 161.113
270 161.113
271 160.893
272 160.893
273 160.893
274 160.893
275 159.823
276 159.823
277 159.823
278 159.105
279 159.105
280 159.105
281 159.105
282 157.669
283 156.631
284 156.631
285 153.804
286 153.804
287 153.804
288 153.804
289 153.778
290 153.778
291 153.247
292 153.247
293 153.247
294 153.247
295 151.433
296 151.433
297 151.433
298 151.433
299 151.433
300 151.433
301 150.887
302 149.641
303 149.641
304 148.543
305 148.543
306 148.543
307 148.543
308 148.365
309 148.365
310 148.365
311 148.365
312 148.365
313 147.524
314 147.524
315 147.524
316 147.49
317 147.49
318 146.561
319 146.561
320 146.561
321 146.124
322 145.825
323 144.938
324 144.938
325 144.938
326 144.938
327 144.938
328 144.938
329 144.938
330 144.62
331 144.62
332 144.219
333 143.17
334 143.17
335 142.87
336 142.87
337 140.086
338 139.379
339 139.379
340 139.379
341 139.379
342 139.379
343 139.379
344 138.889
345 138.889
346 135.866
347 135.866
348 135.866
349 135.866
350 135.703
351 135.695
352 135.366
353 135.366
354 135.27
355 134.123
356 134.123
357 134.123
358 134.123
359 133.399
360 133.399
361 132.948
362 132.948
363 131.811
364 131.811
365 131.811
366 131.811
367 131.811
368 130.634
369 130.198
370 129.497
371 129.497
372 129.497
373 129.497
374 129.497
375 129.178
376 129.178
377 129.178
378 129.178
379 129.178
380 129.178
381 129.178
382 129.178
383 128.991
384 128.991
385 128.991
386 128.675
387 128.675
388 128.556
389 128.556
390 128.556
391 128.556
392 128.556
393 128.556
394 128.556
395 128.556
396 128.25
397 128.25
398 127.848
399 127.848
400 127.559
401 127.559
402 127.502
403 127.502
404 127.388
405 127.388
406 126.535
407 126.535
408 126.458
409 126.458
410 126.458
411 126.189
412 125.016
413 125.016
414 124.965
415 124.965
416 124.902
417 124.902
418 124.902
419 124.902
420 124.873
421 124.873
422 124.165
423 124.165
424 124.165
425 124.165
426 124.165
427 124.165
428 124.165
429 124.165
430 124.165
431 124.165
432 124.165
433 124.165
434 124.165
435 124.165
436 124.165
437 124.165
438 124.165
439 123.239
440 123.239
441 122.88
442 122.88
443 122.88
444 122.817
445 122.817
446 122.817
447 122.817
448 122.817
449 122.817
450 122.817
451 122.817
452 122.253
453 122.253
454 122.253
455 122.253
456 122.253
457 122.253
458 122.253
459 122.253
460 121.8
461 121.8
462 121.662
463 121.528
464 120.901
465 120.901
466 120.901
467 120.901
468 120.901
469 120.901
470 120.887
471 120.887
472 120.708
473 120.708
474 120.708
475 120.708
476 120.708
477 120.708
478 120.708
479 119.251
480 119.237
481 119.058
482 119.058
483 118.984
484 118.97
485 118.791
486 118.791
487 118.791
488 118.791
489 118.791
490 118.791
491 118.791
492 118.768
493 118.412
494 118.233
495 117.456
496 117.456
497 117.456
498 117.456
499 117.456
500 117.366
501 117.366
502 117.366
503 117.366
504 117.366
505 117.366
506 117.366
507 117.366
508 117.366
509 117.366
510 117.366
511 117.366
512 117.277
513 117.277
514 117.254
515 117.254
516 117.254
517 117.254
518 117.254
519 117.254
520 117.254
521 117.254
522 117.254
523 117.254
524 117.254
525 117.254
526 117.254
527 117.254
528 117.254
529 117.254
530 117.254
531 117.254
532 117.059
533 117.059
534 117.059
535 117.059
536 117.059
537 117.059
538 117.059
539 117.059
540 117.059
541 117.059
542 117.059
543 117.059
544 117.059
545 117.059
546 116.858
547 116.858
548 116.858
549 114.843
550 114.843
551 112.233
552 112.233
553 112.233
554 112.233
555 112.233
556 112.233
557 112.233
558 112.233
559 112.233
560 111.814
561 111.814
562 111.663
563 110.541
564 110.541
565 110.541
566 110.541
567 110.541
568 110.413
569 110.063
570 110.063
571 110.063
572 110.063
573 110.063
574 110.063
575 110.063
576 110.063
577 109.896
578 109.896
579 109.896
580 109.896
581 109.896
582 109.896
583 109.896
584 109.548
585 109.548
586 109.548
587 109.548
588 109.198
589 109.198
590 109.198
591 109.198
592 109.07
593 109.07
594 108.72
595 108.72
596 108.72
597 108.72
598 108.356
599 108.356
600 107.616
601 107.616
602 107.616
603 107.616
604 107.616
605 107.616
606 107.616
607 107.616
608 107.336
609 107.336
610 107.157
611 106.847
612 106.847
613 106.847
614 106.847
615 106.847
616 106.847
617 106.847
618 106.693
619 106.501
620 106.381
621 106.381
622 105.799
623 105.799
624 105.799
625 105.799
626 105.799
627 105.799
628 105.799
629 105.799
630 105.799
631 105.799
632 105.18
633 105.18
634 105.18
635 105.18
636 105.18
637 105.18
638 105.18
639 105.18
640 105.18
641 105.18
642 105.18
643 105.18
644 105.18
645 105.18
646 105.18
647 105.18
648 105.18
649 105.18
650 104.949
651 104.949
652 104.869
653 104.869
654 104.57
655 104.57
656 104.57
657 104.57
658 104.57
659 104.57
660 104.406
661 104.406
662 104.406
663 104.406
664 104.406
665 104.406
666 104.406
667 104.406
668 104.406
669 104.406
670 104.406
671 104.406
672 104.406
673 104.406
674 104.406
675 104.406
676 104.381
677 103.883
678 103.883
679 103.883
680 103.883
681 103.883
682 103.883
683 103.883
684 103.883
685 103.883
686 103.883
687 103.883
688 103.883
689 103.883
690 103.883
691 103.883
692 103.883
693 103.883
694 103.883
695 103.883
696 103.883
697 103.883
698 103.883
699 103.883
700 103.883
701 103.883
702 103.883
703 103.883
704 103.883
705 103.883
706 103.883
707 103.883
708 103.473
709 103.473
710 103.473
711 103.473
712 103.473
713 103.473
714 103.473
715 103.277
716 103.277
717 103.277
718 103.277
719 103.277
720 103.277
721 103.277
722 103.277
723 103.277
724 103.277
725 103.277
726 103.277
727 103.277
728 103.277
729 103.277
730 103.277
731 103.277
732 103.277
733 103.277
734 103.277
735 103.277
736 103.277
737 103.277
738 103.277
739 103.277
740 103.277
741 103.277
742 103.277
743 103.277
744 103.05
745 103.05
746 103.05
747 103.05
748 103.05
749 103.05
750 103.05
751 102.572
752 102.572
753 102.572
754 102.572
755 102.572
756 102.572
757 102.572
758 102.572
759 102.572
760 102.572
761 102.572
762 102.572
763 102.572
764 102.572
765 102.572
766 102.572
767 102.572
768 102.572
769 102.572
770 102.572
771 102.572
772 102.572
773 102.572
774 102.572
775 102.572
776 102.572
777 102.572
778 102.572
779 102.572
780 102.572
781 102.572
782 102.572
783 102.572
784 102.572
785 102.572
786 102.572
787 102.572
788 102.572
789 102.572
790 102.572
791 102.572
792 102.572
793 102.572
794 102.572
795 102.572
796 102.572
797 102.572
798 102.572
799 102.572
800 102.572
801 102.572
802 102.572
803 102.572
804 102.572
805 102.572
806 102.572
807 102.572
808 102.572
809 102.572
810 102.572
811 102.572
812 102.572
813 102.572
814 102.572
815 102.572
816 102.572
817 102.572
818 102.572
819 102.572
820 102.572
821 102.572
822 102.572
823 102.572
824 102.572
825 102.572
826 102.572
827 102.572
828 102.572
829 102.572
830 102.572
831 102.572
832 102.572
833 102.572
834 102.572
835 102.572
836 102.572
837 102.572
838 102.572
839 102.572
840 102.572
841 102.572
842 102.572
843 102.572
844 102.572
845 102.572
846 102.572
847 102.572
848 102.572
849 102.572
850 102.572
851 102.572
852 102.572
853 102.572
854 102.572
855 102.572
856 102.572
857 102.572
858 102.572
859 102.572
860 102.572
861 102.572
862 102.572
863 102.572
864 102.572
865 102.572
866 102.572
867 102.572
868 102.572
869 102.572
870 102.572
871 102.572
872 102.572
873 102.572
874 102.572
875 102.572
876 102.572
877 102.572
878 102.572
879 102.572
880 102.572
881 102.572
882 102.572
883 102.572
884 102.572
885 102.572
886 102.572
887 102.572
888 102.572
889 102.572
890 102.572
891 102.572
892 102.572
893 102.572
894 102.572
895 102.478
896 101.464
897 101.464
898 101.464
899 101.464
900 100.986
901 100.986
902 100.533
903 100.533
904 100.533
905 100.533
906 100.364
907 100.364
908 100.364
909 100.364
910 100.364
911 100.228
912 99.7499
913 99.7499
914 99.7499
915 99.7499
916 99.7499
917 99.7499
918 99.7317
919 99.7317
920 99.7182
921 99.7182
922 99.1053
923 99.1053
924 99.1053
925 99.0872
926 99.0872
927 99.0872
928 98.0802
929 98.0802
930 98.0802
931 98.0802
932 98.0802
933 98.0802
934 98.0802
935 98.0802
936 97.803
937 97.803
938 97.803
939 97.7703
940 97.7703
941 97.7703
942 97.7703
943 97.7703
944 97.7703
945 97.7703
946 97.7703
947 97.7703
948 97.7703
949 97.7703
950 97.7703
951 97.7703
952 97.7703
953 97.7703
954 97.7703
955 97.7703
956 97.5214
957 97.5214
958 97.5214
959 97.5039
960 97.5039
961 97.5039
962 97.1992
963 97.1992
964 97.1992
965 97.1508
966 97.1508
967 97.1508
968 97.0325
969 96.7187
970 96.6925
971 96.6925
972 96.6925
973 96.3656
974 96.3656
975 96.3656
976 96.3656
977 96.3656
978 96.3656
979 96.3656
980 96.3656
981 96.3656
982 96.3656
983 96.3656
984 96.3656
985 96.3656
986 95.3891
987 95.3891
988 95.3891
989 95.3891
990 95.3891
991 95.3891
992 95.3891
993 95.3891
994 95.3891
995 95.3891
996 95.3891
997 95.3891
998 95.3891
999 95.3891
