#     BLOCK:   VELOCITY:     AVE_POFV:       ERROR:
           1   0.0848528      0.0635           0
           1    0.254558     0.22875           0
           1    0.424264     0.46525           0
           1     0.59397     0.40725           0
           1    0.763675     0.60125           0
           1    0.933381     1.01925           0
           1     1.10309        1.18           0
           1     1.27279       1.748           0
           1      1.4425     2.87975           0
           1      1.6122      2.5735           0
           1     1.78191     2.93725           0
           1     1.95161     3.39825           0
           1     2.12132     4.31025           0
           1     2.29103      16.929           0
           1     2.46073      24.163           0
           1     2.63044     20.2707           0
           1     2.80014     7.43575           0
           1     2.96985       4.371           0
           1     3.13955     4.28775           0
           1     3.30926      3.0805           0
           1     3.47897      2.5855           0
           1     3.64867      1.3355           0
           1     3.81838     0.51575           0
           1     3.98808     0.41425           0
           1     4.15779     0.32375           0
           1     4.32749       0.265           0
           1      4.4972     0.18525           0
           1      4.6669     0.01625           0
           1     4.83661     0.00875           0
           1     5.00632           0           0
           2   0.0848528      0.0335   0.0212132
           2    0.254558    0.196875    0.022539
           2    0.424264    0.457125  0.00574524
           2     0.59397     0.71325    0.216375
           2    0.763675      1.0055    0.285848
           2    0.933381     1.89062    0.616155
           2     1.10309     2.37363     0.84402
           2     1.27279     3.83688     1.47706
           2      1.4425     4.31375     1.01399
           2      1.6122        4.68     1.48952
           2     1.78191     5.19362      1.5955
           2     1.95161       5.181     1.26059
           2     2.12132     5.57088    0.891396
           2     2.29103     12.2741     3.29149
           2     2.46073     15.7562     5.94447
           2     2.63044     13.9609     4.46176
           2     2.80014       6.777    0.465807
           2     2.96985       4.781    0.289914
           2     3.13955     4.20637   0.0575408
           2     3.30926     3.35137    0.191538
           2     3.47897       3.492    0.640992
           2     3.64867     2.46738    0.800356
           2     3.81838       1.403     0.62738
           2     3.98808        1.01    0.421259
           2     4.15779      0.9365     0.43328
           2     4.32749    0.725375    0.325534
           2      4.4972       0.545    0.254382
           2      4.6669     0.27775    0.184908
           2     4.83661    0.091375   0.0584247
           2     5.00632       0.498    0.352139
           3   0.0848528   0.0306667   0.0143301
           3    0.254558    0.229833   0.0308212
           3    0.424264    0.538417   0.0664848
           3     0.59397    0.948417     0.24016
           3    0.763675     1.56108    0.492034
           3    0.933381     2.24633    0.503075
           3     1.10309     2.87733    0.696963
           3     1.27279     4.59683      1.1639
           3      1.4425     4.50017    0.692918
           3      1.6122     5.57875     1.23474
           3     1.78191     5.84058     1.18761
           3     1.95161     5.71825    0.947993
           3     2.12132     5.62617    0.595977
           3     2.29103     10.5942     2.58778
           3     2.46073     13.4941     4.37228
           3     2.63044     11.0977     3.78325
           3     2.80014     6.06308    0.660468
           3     2.96985      4.9345    0.230356
           3     3.13955     4.17258   0.0472523
           3     3.30926     3.49775    0.174897
           3     3.47897      3.8625    0.523567
           3     3.64867     2.65533    0.555203
           3     3.81838     2.00033    0.642501
           3     3.98808     1.34992    0.394841
           3     4.15779       1.206     0.36312
           3     4.32749     1.00567    0.315396
           3      4.4972     0.75325     0.24015
           3      4.6669    0.265417    0.123683
           3     4.83661   0.0896667   0.0389748
           3     5.00632     0.66525    0.271589
           4   0.0848528   0.0336875   0.0110614
           4    0.254558    0.217562   0.0254416
           4    0.424264     0.57525   0.0591937
           4     0.59397     1.24644    0.314731
           4    0.763675     1.84275    0.442359
           4    0.933381     2.31937    0.382572
           4     1.10309     3.06775    0.548117
           4     1.27279     4.85363    0.900809
           4      1.4425     5.08519    0.725785
           4      1.6122     5.85406    0.956254
           4     1.78191     6.46225     1.04078
           4     1.95161     6.20281    0.825599
           4     2.12132     5.72525    0.455144
           4     2.29103     9.89725     2.03251
           4     2.46073     11.6778     3.63694
           4     2.63044     9.82581     3.04372
           4     2.80014     5.96187    0.503046
           4     2.96985        4.77    0.223928
           4     3.13955     3.89131    0.246152
           4     3.30926     3.32869    0.196578
           4     3.47897        3.51    0.497379
           4     3.64867     2.82919    0.442786
           4     3.81838     2.27269    0.536504
           4     3.98808     1.60875    0.371402
           4     4.15779     1.63381    0.459823
           4     4.32749     1.21075    0.295802
           4      4.4972    0.940375    0.242286
           4      4.6669    0.289438   0.0950662
           4     4.83661    0.147687   0.0581315
           4     5.00632    0.718562    0.208859
           5   0.0848528     0.02715   0.0106065
           5    0.254558      0.1986   0.0264937
           5    0.424264      0.5702   0.0475699
           5     0.59397      1.1995    0.255261
           5    0.763675       1.985    0.376064
           5    0.933381     2.46465    0.332498
           5     1.10309     3.40905    0.534289
           5     1.27279      4.9736    0.728593
           5      1.4425     5.12875    0.581934
           5      1.6122      5.9856    0.773997
           5     1.78191      6.4585    0.832627
           5     1.95161       6.741    0.817282
           5     2.12132      5.8784     0.38903
           5     2.29103     9.10515     1.77365
           5     2.46073      10.684     3.04229
           5     2.63044      8.9423        2.56
           5     2.80014      5.7181    0.457708
           5     2.96985     4.91145    0.219313
           5     3.13955     4.10675    0.275516
           5     3.30926     3.82705    0.472677
           5     3.47897      3.7251    0.441975
           5     3.64867     2.96945    0.375789
           5     3.81838      2.2578     0.42941
           5     3.98808      1.6868    0.305213
           5     4.15779     1.61085    0.368431
           5     4.32749     1.18435    0.237817
           5      4.4972     0.94365    0.193851
           5      4.6669     0.34525   0.0909729
           5     4.83661      0.2153   0.0762882
           5     5.00632      0.7466    0.168958
           6   0.0848528   0.0277917  0.00885814
           6    0.254558    0.246042   0.0486111
           6    0.424264    0.610375   0.0540045
           6     0.59397     1.20062     0.21272
           6    0.763675     2.07433    0.323824
           6    0.933381     2.62817    0.314731
           6     1.10309     3.55733    0.465363
           6     1.27279     5.06579    0.612966
           6      1.4425     5.35621    0.527528
           6      1.6122     6.05625    0.648214
           6     1.78191     6.35642    0.700086
           6     1.95161     6.72558    0.681214
           6     2.12132     6.23175    0.457326
           6     2.29103     8.49433     1.57972
           6     2.46073     9.98208     2.61497
           6     2.63044     8.24071      2.2274
           6     2.80014     5.89008    0.412471
           6     2.96985     5.30804    0.405552
           6     3.13955     4.31646    0.298936
           6     3.30926     3.75417    0.399477
           6     3.47897     3.59583    0.386754
           6     3.64867     3.00146    0.314517
           6     3.81838     2.22683    0.358956
           6     3.98808      1.7925    0.272032
           6     4.15779     1.74988    0.332222
           6     4.32749     1.15208    0.200358
           6      4.4972    0.938208    0.161619
           6      4.6669      0.4125   0.0975504
           6     4.83661    0.238167   0.0669128
           6     5.00632        0.77     0.14241
           7   0.0848528   0.0282143  0.00760277
           7    0.254558    0.273464   0.0487922
           7    0.424264    0.640286   0.0539404
           7     0.59397     1.23964    0.185875
           7    0.763675     2.17571    0.293003
           7    0.933381     2.75282    0.293419
           7     1.10309     3.44307    0.412672
           7     1.27279     5.15211    0.531442
           7      1.4425     5.70814    0.557332
           7      1.6122     6.20643    0.572745
           7     1.78191     6.16307    0.626203
           7     1.95161     6.63868    0.589415
           7     2.12132     6.13164    0.402801
           7     2.29103     8.12025     1.39764
           7     2.46073     9.35321     2.31579
           7     2.63044     8.04254     1.91799
           7     2.80014     6.24225    0.480936
           7     2.96985     5.45482    0.373234
           7     3.13955     4.24211    0.265316
           7     3.30926     3.86764    0.358164
           7     3.47897     3.68593    0.341837
           7     3.64867     2.99261    0.269711
           7     3.81838     2.37286    0.336068
           7     3.98808     1.74693    0.236956
           7     4.15779     1.67471    0.293141
           7     4.32749     1.29764    0.218297
           7      4.4972    0.996679    0.148731
           7      4.6669    0.405536   0.0838628
           7     4.83661    0.239964    0.057378
           7     5.00632    0.711036    0.133716
           8   0.0848528   0.0249375  0.00732461
           8    0.254558       0.411    0.135552
           8    0.424264    0.631969   0.0478347
           8     0.59397     1.17034    0.175083
           8    0.763675     2.20181    0.257538
           8    0.933381       2.847    0.271435
           8     1.10309     3.54744    0.374053
           8     1.27279       5.225    0.469984
           8      1.4425     5.84206    0.503498
           8      1.6122     6.44238    0.547599
           8     1.78191     6.33181     0.57021
           8     1.95161     6.72894    0.522603
           8     2.12132     6.23081    0.364454
           8     2.29103     7.65853     1.29696
           8     2.46073     8.97494     2.05698
           8     2.63044     7.69059     1.71023
           8     2.80014     6.17528    0.425456
           8     2.96985     5.50022    0.329329
           8     3.13955     4.14175    0.250413
           8     3.30926     3.97919    0.330306
           8     3.47897     3.75356    0.305725
           8     3.64867     2.96444    0.237464
           8     3.81838     2.36984    0.294073
           8     3.98808     1.78525    0.210413
           8     4.15779     1.60541    0.264564
           8     4.32749     1.21919    0.204623
           8      4.4972    0.943781    0.139229
           8      4.6669    0.408969   0.0734502
           8     4.83661    0.328875   0.0971473
           8     5.00632    0.864687     0.18533
           9   0.0848528   0.0223611  0.00694912
           9    0.254558    0.393139    0.121661
           9    0.424264    0.620306   0.0439186
           9     0.59397     1.11942    0.162868
           9    0.763675     2.26833    0.237358
           9    0.933381     3.10753    0.344307
           9     1.10309     3.80417    0.411263
           9     1.27279     5.31653    0.426583
           9      1.4425     5.89419    0.450244
           9      1.6122     6.33869    0.496473
           9     1.78191     6.27397    0.509778
           9     1.95161     6.63683    0.472583
           9     2.12132     6.40256    0.362171
           9     2.29103     7.64025     1.15298
           9     2.46073     8.62011     1.85878
           9     2.63044     7.49647     1.53118
           9     2.80014     6.14814    0.379048
           9     2.96985     5.34628    0.326741
           9     3.13955     4.16878    0.224043
           9     3.30926     3.91233    0.300295
           9     3.47897     3.66164     0.28524
           9     3.64867     2.89953    0.219771
           9     3.81838     2.43842    0.269275
           9     3.98808     1.87139    0.203904
           9     4.15779     1.62203     0.23569
           9     4.32749     1.17192    0.187268
           9      4.4972    0.979056     0.12815
           9      4.6669    0.491417    0.101514
           9     4.83661    0.426722    0.126361
           9     5.00632      0.9075    0.169611
          10   0.0848528     0.02095  0.00639588
          10    0.254558      0.4071    0.110293
          10    0.424264      0.5999   0.0440126
          10     0.59397      1.1177     0.14659
          10    0.763675      2.2301     0.21668
          10    0.933381     3.26643    0.344596
          10     1.10309     3.90247    0.381705
          10     1.27279     5.18565    0.403502
          10      1.4425       5.937     0.40725
          10      1.6122      6.4981    0.471723
          10     1.78191      6.3355    0.462499
          10     1.95161     6.61333    0.425909
          10     2.12132     6.28357    0.344945
          10     2.29103     7.50723     1.04533
          10     2.46073     8.41327     1.68437
          10     2.63044     7.33738      1.3863
          10     2.80014     6.10495    0.343595
          10     2.96985     5.41193    0.300589
          10     3.13955      4.4122    0.306573
          10     3.30926     4.07048    0.309114
          10     3.47897      3.6539    0.256821
          10     3.64867     2.96517    0.207367
          10     3.81838     2.37295    0.250179
          10     3.98808     1.83917    0.186041
          10     4.15779     1.54747    0.223601
          10     4.32749      1.1259    0.174103
          10      4.4972    0.936975    0.122048
          10      4.6669     0.51145   0.0933181
          10     4.83661    0.418025    0.114024
          10     5.00632     0.97375    0.165082
          11   0.0848528     0.06625   0.0435815
          11    0.254558    0.427477    0.102132
          11    0.424264     0.59525   0.0402564
          11     0.59397     1.11545    0.133281
          11    0.763675     2.24175    0.197294
          11    0.933381     3.22625    0.315603
          11     1.10309     3.94984    0.349931
          11     1.27279      5.2465     0.37138
          11      1.4425     5.80075    0.392358
          11      1.6122     6.32759    0.458621
          11     1.78191     6.67618    0.531313
          11     1.95161     6.63618    0.387803
          11     2.12132      6.3407    0.318282
          11     2.29103     7.43311    0.952923
          11     2.46073     8.30525      1.5347
          11     2.63044      7.2603     1.26242
          11     2.80014     6.07691    0.313501
          11     2.96985     5.24705    0.315256
          11     3.13955     4.42295    0.278892
          11     3.30926     4.07073    0.281013
          11     3.47897     3.63398    0.234245
          11     3.64867     3.02057    0.195774
          11     3.81838     2.42545     0.23288
          11     3.98808     1.94327    0.196101
          11     4.15779     1.52214    0.204705
          11     4.32749     1.15984     0.16155
          11      4.4972       0.947    0.111364
          11      4.6669    0.541432   0.0895216
          11     4.83661    0.403659    0.104559
          11     5.00632    0.936182     0.15429
          12   0.0848528   0.0613542   0.0402237
          12    0.254558    0.427687   0.0936211
          12    0.424264    0.577812   0.0405026
          12     0.59397       1.107    0.122442
          12    0.763675     2.23854    0.180879
          12    0.933381     3.28465    0.294655
          12     1.10309     3.91217    0.322792
          12     1.27279     5.09825    0.368837
          12      1.4425      5.8011    0.359661
          12      1.6122     6.39942     0.42599
          12     1.78191     6.79867    0.500957
          12     1.95161     6.86488    0.417507
          12     2.12132     6.54269    0.350029
          12     2.29103     7.29758    0.883098
          12     2.46073     8.22167     1.40909
          12     2.63044      7.1351     1.16341
          12     2.80014     5.97077    0.304814
          12     2.96985     5.21319    0.290797
          12     3.13955     4.44477    0.256503
          12     3.30926      4.0026    0.265724
          12     3.47897     3.60206    0.216888
          12     3.64867      2.9951    0.181108
          12     3.81838     2.35798    0.223034
          12     3.98808     2.00119    0.188117
          12     4.15779     1.57979    0.195597
          12     4.32749     1.16354     0.14813
          12      4.4972    0.960792    0.102934
          12      4.6669    0.583521   0.0914218
          12     4.83661    0.435333    0.100529
          12     5.00632    0.920792    0.142198
          13   0.0848528   0.0567308   0.0373944
          13    0.254558    0.413596   0.0874735
          13    0.424264    0.578712    0.037397
          13     0.59397     1.12798    0.114807
          13    0.763675     2.32283    0.185567
          13    0.933381     3.30606    0.272766
          13     1.10309      3.8745    0.300152
          13     1.27279     5.10983    0.340646
          13      1.4425     5.86862    0.338272
          13      1.6122     6.34706    0.396426
          13     1.78191     6.81788     0.46279
          13     1.95161     6.80969    0.389021
          13     2.12132     6.58294     0.32541
          13     2.29103     7.43077     0.82515
          13     2.46073       8.096     1.30629
          13     2.63044     7.09827      1.0745
          13     2.80014     5.94887    0.282152
          13     2.96985     5.21056     0.26844
          13     3.13955     4.37721    0.245508
          13     3.30926     4.00237    0.245284
          13     3.47897     3.51715    0.216187
          13     3.64867     3.05521     0.17687
          13     3.81838     2.33279    0.207296
          13     3.98808     2.03494    0.176649
          13     4.15779     1.60337    0.181966
          13     4.32749     1.13617    0.139241
          13      4.4972    0.942904   0.0965579
          13      4.6669    0.589865   0.0846092
          13     4.83661    0.449288   0.0937597
          13     5.00632    0.957846    0.136002
          14   0.0848528   0.0526786   0.0349422
          14    0.254558     0.40025   0.0822372
          14    0.424264    0.572786   0.0351922
          14     0.59397     1.10852    0.108244
          14    0.763675     2.24436    0.188173
          14    0.933381     3.19468    0.275085
          14     1.10309     3.84809    0.279872
          14     1.27279     5.09573    0.316606
          14      1.4425      5.8567    0.314319
          14      1.6122     6.40402     0.37218
          14     1.78191     6.90688    0.438206
          14     1.95161     6.89977    0.371516
          14     2.12132     6.57502    0.302263
          14     2.29103     7.50305     0.76937
          14     2.46073     8.05162     1.21373
          14     2.63044     7.00468     1.00182
          14     2.80014     6.00673    0.267867
          14     2.96985     5.29448    0.262057
          14     3.13955     4.49602    0.255103
          14     3.30926     3.98316    0.228514
          14     3.47897     3.48463    0.203177
          14     3.64867     3.04312    0.164649
          14     3.81838     2.36054    0.194337
          14     3.98808     2.03018    0.164095
          14     4.15779     1.60545     0.16898
          14     4.32749     1.14302    0.129463
          14      4.4972    0.913482   0.0940366
          14      4.6669    0.557054   0.0846893
          14     4.83661    0.417339   0.0923457
          14     5.00632    0.945982    0.126804
          15   0.0848528   0.0493333   0.0327725
          15    0.254558    0.388383   0.0776062
          15    0.424264    0.596283   0.0399273
          15     0.59397     1.11532    0.101241
          15    0.763675     2.25083     0.17574
          15    0.933381     3.13538    0.263059
          15     1.10309     3.81765    0.262864
          15     1.27279     5.04372    0.299741
          15      1.4425     5.77883    0.302855
          15      1.6122     6.40065    0.347383
          15     1.78191     6.98012    0.415068
          15     1.95161     7.00003    0.360024
          15     2.12132      6.5905    0.282508
          15     2.29103      7.4789    0.718458
          15     2.46073     8.06897     1.13294
          15     2.63044     7.02918    0.935327
          15     2.80014     5.98627     0.25079
          15     2.96985     5.32672    0.246561
          15     3.13955     4.55657    0.245177
          15     3.30926     3.99792    0.213756
          15     3.47897     3.47483    0.189868
          15     3.64867      3.0271     0.15445
          15     3.81838     2.35187    0.181574
          15     3.98808     1.96042    0.167329
          15     4.15779     1.62013    0.158352
          15     4.32749     1.11257    0.124362
          15      4.4972     0.90625   0.0880452
          15      4.6669     0.54645   0.0797044
          15     4.83661    0.423083   0.0863678
          15     5.00632     0.98575     0.12443
          16   0.0848528   0.0509219   0.0307627
          16    0.254558    0.371344    0.074603
          16    0.424264     0.60675   0.0387795
          16     0.59397     1.10664   0.0952841
          16    0.763675     2.23848    0.165189
          16    0.933381     3.09216    0.250144
          16     1.10309     3.82547    0.246551
          16     1.27279     5.05175    0.281115
          16      1.4425     5.71627    0.290318
          16      1.6122     6.32639    0.333514
          16     1.78191     6.95292    0.390016
          16     1.95161      7.1532    0.368668
          16     2.12132      6.7547    0.308908
          16     2.29103     7.47409     0.67357
          16     2.46073     7.97441     1.06607
          16     2.63044     6.92469    0.882687
          16     2.80014     5.99097    0.235159
          16     2.96985     5.39811    0.241265
          16     3.13955     4.58228    0.231198
          16     3.30926     4.15667     0.25256
          16     3.47897     3.45728    0.178811
          16     3.64867     2.95627    0.160219
          16     3.81838     2.34914    0.170246
          16     3.98808     1.92255    0.161099
          16     4.15779     1.59078    0.151151
          16     4.32749     1.09809    0.117428
          16      4.4972    0.885906   0.0848601
          16      4.6669    0.561047   0.0760478
          16     4.83661    0.444328   0.0835419
          16     5.00632    0.986391    0.116655
          17   0.0848528   0.0480294   0.0290888
          17    0.254558    0.388441   0.0721472
          17    0.424264    0.611941   0.0368441
          17     0.59397     1.13156   0.0928803
          17    0.763675     2.26085    0.156979
          17    0.933381     3.12013    0.236989
          17     1.10309     3.86368     0.23499
          17     1.27279     5.07279    0.265365
          17      1.4425      5.6895    0.274472
          17      1.6122     6.27838    0.317332
          17     1.78191     6.84585    0.381488
          17     1.95161     7.14932    0.347002
          17     2.12132      6.8754    0.313429
          17     2.29103     7.50172    0.634515
          17     2.46073     7.91209     1.00518
          17     2.63044     6.91151    0.830863
          17     2.80014     5.98819    0.221343
          17     2.96985     5.37331    0.228344
          17     3.13955     4.50609     0.22981
          17     3.30926      4.1005     0.24387
          17     3.47897     3.43571    0.169589
          17     3.64867     2.93335    0.152424
          17     3.81838     2.40022     0.16772
          17     3.98808      1.9666    0.157532
          17     4.15779     1.60391    0.142829
          17     4.32749     1.15118     0.12193
          17      4.4972    0.888765   0.0799165
          17      4.6669    0.566926   0.0718013
          17     4.83661    0.431382   0.0796244
          17     5.00632    0.992662    0.109961
          18   0.0848528   0.0515278   0.0276823
          18    0.254558    0.397778   0.0687405
          18    0.424264    0.630347   0.0391256
          18     0.59397      1.1421   0.0883161
          18    0.763675     2.26437    0.148298
          18    0.933381     3.19514    0.235393
          18     1.10309     3.81218    0.227507
          18     1.27279     5.13583    0.258002
          18      1.4425      5.6446     0.26287
          18      1.6122     6.30719    0.301008
          18     1.78191     6.84822    0.360301
          18     1.95161     7.11054    0.329884
          18     2.12132     6.95603    0.306212
          18     2.29103     7.44376    0.601905
          18     2.46073     7.82851    0.952807
          18     2.63044     6.88232    0.785216
          18     2.80014     6.00629    0.209785
          18     2.96985     5.26765    0.238855
          18     3.13955     4.52964    0.218246
          18     3.30926     4.12933     0.23202
          18     3.47897     3.44518    0.160432
          18     3.64867     2.94236    0.144222
          18     3.81838     2.38131    0.159465
          18     3.98808     1.92124    0.155175
          18     4.15779     1.61615    0.135417
          18     4.32749     1.15213     0.11516
          18      4.4972    0.910736   0.0784389
          18      4.6669    0.591944   0.0720391
          18     4.83661    0.458806   0.0797835
          18     5.00632    0.996778    0.103929
          19   0.0848528   0.0518816   0.0262276
          19    0.254558    0.389237    0.065651
          19    0.424264    0.624408   0.0375144
          19     0.59397     1.14868   0.0839132
          19    0.763675     2.25254    0.140964
          19    0.933381     3.16568     0.22484
          19     1.10309     3.88288    0.226252
          19     1.27279     5.20378    0.253211
          19      1.4425     5.60266    0.252359
          19      1.6122     6.32753    0.285851
          19     1.78191     6.98208    0.365358
          19     1.95161     7.11572    0.312562
          19     2.12132     7.06963    0.310455
          19     2.29103     7.36811    0.574961
          19     2.46073     7.63964    0.921188
          19     2.63044     6.86238    0.744142
          19     2.80014     5.96497    0.202772
          19     2.96985     5.20058    0.235513
          19     3.13955     4.58307    0.213199
          19     3.30926     4.14122    0.220113
          19     3.47897     3.42076    0.153835
          19     3.64867     2.94613     0.13668
          19     3.81838     2.35961    0.152542
          19     3.98808     1.89736    0.148834
          19     4.15779     1.58978    0.130834
          19     4.32749      1.1313    0.110965
          19      4.4972    0.961829   0.0894155
          19      4.6669    0.625684   0.0757377
          19     4.83661    0.469211   0.0762599
          19     5.00632     1.02166    0.101394
          20   0.0848528   0.0492875   0.0250442
          20    0.254558    0.372162   0.0645506
          20    0.424264      0.6229    0.035669
          20     0.59397     1.17342   0.0832849
          20    0.763675     2.20179     0.14276
          20    0.933381     3.15613    0.213801
          20     1.10309      3.9701     0.23114
          20     1.27279     5.26541    0.247939
          20      1.4425     5.66122    0.246443
          20      1.6122     6.33186    0.271591
          20     1.78191     7.00577    0.347857
          20     1.95161     7.09652    0.297523
          20     2.12132     7.07495    0.294978
          20     2.29103     7.33905    0.546947
          20     2.46073     7.61401    0.875485
          20     2.63044     6.79036    0.710412
          20     2.80014     5.90687    0.200784
          20     2.96985     5.18164    0.224498
          20     3.13955     4.57864    0.202585
          20     3.30926     4.12395    0.209784
          20     3.47897     3.37246    0.153539
          20     3.64867     2.95151    0.129952
          20     3.81838     2.35898    0.144916
          20     3.98808     1.91296    0.142208
          20     4.15779     1.61816    0.127334
          20     4.32749     1.14927    0.106862
          20      4.4972    0.999262    0.092449
          20      4.6669     0.61105    0.073351
          20     4.83661    0.477262   0.0728707
          20     5.00632     1.03301   0.0969577
          21   0.0848528   0.0474643   0.0239179
          21    0.254558    0.371655   0.0614788
          21    0.424264    0.633643   0.0355514
          21     0.59397     1.16211   0.0800843
          21    0.763675     2.22235    0.137434
          21    0.933381     3.15632     0.20362
          21     1.10309     3.95713    0.220497
          21     1.27279     5.25354    0.236416
          21      1.4425     5.68075     0.23548
          21      1.6122     6.28683    0.262365
          21     1.78191     6.94257    0.336986
          21     1.95161     7.01938    0.293186
          21     2.12132     7.05587    0.281547
          21     2.29103     7.48743    0.540654
          21     2.46073     7.73349    0.841908
          21     2.63044      6.7936     0.67659
          21     2.80014     5.88718    0.192186
          21     2.96985     5.13942    0.217741
          21     3.13955     4.62604    0.198405
          21     3.30926     4.07999    0.204349
          21     3.47897     3.36211    0.146576
          21     3.64867     2.93087    0.125393
          21     3.81838     2.34719    0.138493
          21     3.98808     1.89168     0.13702
          21     4.15779     1.63302    0.122135
          21     4.32749     1.15367    0.101864
          21      4.4972    0.991333    0.088386
          21      4.6669    0.624619   0.0711021
          21     4.83661    0.485536   0.0698687
          21     5.00632     1.04324   0.0928783
          22   0.0848528   0.0453636   0.0229227
          22    0.254558    0.358761   0.0600211
          22    0.424264    0.682068    0.058224
          22     0.59397     1.16973   0.0768058
          22    0.763675      2.2524    0.134433
          22    0.933381     3.19145    0.197372
          22     1.10309      3.9929    0.213356
          22     1.27279     5.21719    0.228446
          22      1.4425     5.69072    0.224987
          22      1.6122       6.211    0.261169
          22     1.78191     6.88318     0.32686
          22     1.95161     6.97881    0.282653
          22     2.12132      7.0796    0.269748
          22     2.29103      7.4445     0.51778
          22     2.46073      7.7682    0.804355
          22     2.63044     6.81914    0.646318
          22     2.80014     5.93294    0.188821
          22     2.96985     5.21355    0.220101
          22     3.13955     4.62747    0.189392
          22     3.30926      4.0539    0.196719
          22     3.47897     3.29751    0.153489
          22     3.64867     2.88888     0.12653
          22     3.81838      2.3143    0.136049
          22     3.98808     1.87302    0.132056
          22     4.15779     1.60405    0.119972
          22     4.32749     1.14898   0.0973416
          22      4.4972     1.00089   0.0848832
          22      4.6669    0.688136   0.0919642
          22     4.83661     0.52592   0.0774902
          22     5.00632     1.04547   0.0886833
          23   0.0848528   0.0434783   0.0220035
          23    0.254558    0.352239   0.0577647
          23    0.424264     0.67488   0.0561345
          23     0.59397     1.16287   0.0737719
          23    0.763675     2.22978    0.130476
          23    0.933381     3.17149    0.189798
          23     1.10309     3.97691    0.204677
          23     1.27279     5.21118    0.218593
          23      1.4425     5.70628    0.215743
          23      1.6122     6.27686    0.257984
          23     1.78191     6.90927    0.313688
          23     1.95161     6.99435    0.270791
          23     2.12132     7.10243    0.258985
          23     2.29103     7.45691    0.495417
          23     2.46073     7.73586    0.770033
          23     2.63044     6.88409    0.621472
          23     2.80014     5.88872    0.185718
          23     2.96985     5.15208    0.218947
          23     3.13955     4.61654    0.181472
          23     3.30926     4.02563    0.190186
          23     3.47897     3.34812    0.154934
          23     3.64867     2.88586    0.121065
          23     3.81838     2.33428    0.131594
          23     3.98808     1.86326    0.126674
          23     4.15779     1.58615    0.116082
          23     4.32749      1.1296   0.0950189
          23      4.4972    0.981022   0.0834846
          23      4.6669     0.69362   0.0881291
          23     4.83661    0.525424   0.0741227
          23     5.00632      1.0808   0.0915981
          24   0.0848528   0.0416979   0.0211586
          24    0.254558    0.344417    0.055885
          24    0.424264     0.66425   0.0547928
          24     0.59397     1.15517   0.0710991
          24    0.763675     2.22259    0.125238
          24    0.933381     3.14236    0.184111
          24     1.10309     3.94085      0.1993
          24     1.27279     5.15376    0.216896
          24      1.4425     5.74347    0.209934
          24      1.6122     6.31875    0.250612
          24     1.78191     7.02245    0.320384
          24     1.95161     7.04292    0.263828
          24     2.12132     7.19855    0.265431
          24     2.29103     7.47391    0.475066
          24     2.46073     7.71218    0.738313
          24     2.63044     6.76547    0.606792
          24     2.80014       5.984    0.200941
          24     2.96985      5.1038     0.21508
          24     3.13955     4.55059    0.185508
          24     3.30926     3.98907    0.185742
          24     3.47897     3.35907    0.148865
          24     3.64867     2.89094    0.116127
          24     3.81838     2.28122     0.13639
          24     3.98808     1.83533    0.124437
          24     4.15779     1.57858    0.111492
          24     4.32749     1.12131   0.0914203
          24      4.4972     1.00072   0.0822969
          24      4.6669    0.709177   0.0858193
          24     4.83661    0.526969   0.0710503
          24     5.00632     1.12642   0.0984855
          25   0.0848528     0.04194   0.0203136
          25    0.254558     0.34387   0.0536523
          25    0.424264     0.65933   0.0528216
          25     0.59397     1.14007   0.0698395
          25    0.763675     2.23321    0.120677
          25    0.933381     3.13529    0.176882
          25     1.10309     3.96088    0.192331
          25     1.27279       5.128    0.209745
          25      1.4425     5.78272    0.205173
          25      1.6122     6.34321    0.241779
          25     1.78191     7.00853    0.307871
          25     1.95161     7.06345    0.254072
          25     2.12132     7.21364    0.255242
          25     2.29103      7.4657    0.456134
          25     2.46073     7.69096    0.709085
          25     2.63044     6.75731    0.582575
          25     2.80014     5.97114    0.193315
          25     2.96985     5.13419    0.208612
          25     3.13955     4.56997    0.179097
          25     3.30926     3.96249    0.180204
          25     3.47897     3.34019    0.144103
          25     3.64867       2.873    0.112859
          25     3.81838     2.27256    0.131209
          25     3.98808     1.81197    0.121633
          25     4.15779     1.56761    0.107571
          25     4.32749     1.12387   0.0877992
          25      4.4972      1.0135   0.0799914
          25      4.6669     0.71624   0.0826766
          25     4.83661     0.54222    0.069826
          25     5.00632     1.13294   0.0947619
          26   0.0848528   0.0410096   0.0195536
          26    0.254558    0.333904   0.0525062
          26    0.424264    0.643221   0.0531896
          26     0.59397      1.1413   0.0671642
          26    0.763675     2.25787    0.118528
          26    0.933381     3.14235     0.17022
          26     1.10309     3.96189    0.184937
          26     1.27279     5.16959    0.205759
          26      1.4425     5.75433    0.199237
          26      1.6122     6.31935    0.233654
          26     1.78191      6.9789    0.297452
          26     1.95161     7.10619    0.247869
          26     2.12132     7.19927    0.245829
          26     2.29103     7.49442    0.439494
          26     2.46073     7.68545    0.681834
          26     2.63044     6.74627    0.560273
          26     2.80014     5.95675    0.186414
          26     2.96985     5.17618    0.204772
          26     3.13955     4.56429    0.172298
          26     3.30926     3.93463    0.175414
          26     3.47897     3.29596    0.145189
          26     3.64867     2.86347    0.108919
          26     3.81838     2.28143    0.126462
          26     3.98808     1.82112    0.117298
          26     4.15779     1.56275    0.103543
          26     4.32749     1.13904   0.0857226
          26      4.4972     1.03257   0.0791547
          26      4.6669    0.747452   0.0851848
          26     4.83661    0.533202   0.0677202
          26     5.00632     1.11586   0.0926444
          27   0.0848528    0.039713   0.0188724
          27    0.254558    0.333463   0.0505634
          27    0.424264    0.646444   0.0513172
          27     0.59397     1.15861   0.0668708
          27    0.763675     2.25631    0.114148
          27    0.933381     3.10298    0.168405
          27     1.10309      3.9657    0.178126
          27     1.27279     5.14532    0.199564
          27      1.4425     5.76811    0.192334
          27      1.6122     6.41468    0.243673
          27     1.78191     6.94195    0.288721
          27     1.95161     7.10997    0.238718
          27     2.12132     7.24019    0.240106
          27     2.29103     7.52581    0.424335
          27     2.46073     7.66956    0.656766
          27     2.63044     6.73413    0.539654
          27     2.80014     5.93338    0.180969
          27     2.96985     5.13113    0.202083
          27     3.13955     4.53179    0.168955
          27     3.30926     3.93229    0.168933
          27     3.47897     3.27361    0.141522
          27     3.64867     2.85204    0.105484
          27     3.81838     2.30314    0.123627
          27     3.98808      1.8295    0.113253
          27     4.15779     1.55677    0.099881
          27     4.32749     1.18469   0.0939179
          27      4.4972     1.04477   0.0771577
          27      4.6669    0.739759   0.0823764
          27     4.83661    0.520259   0.0664374
          27     5.00632     1.11394   0.0892329
          28   0.0848528   0.0382946   0.0182516
          28    0.254558     0.32683   0.0491906
          28    0.424264    0.642063   0.0496712
          28     0.59397      1.1643   0.0647244
          28    0.763675     2.23282    0.112461
          28    0.933381     3.10266    0.162391
          28     1.10309     3.94176    0.173367
          28     1.27279     5.10355    0.196759
          28      1.4425     5.76396     0.18551
          28      1.6122     6.41028     0.23501
          28     1.78191     7.03628    0.293413
          28     1.95161     7.14746    0.233118
          28     2.12132     7.22172    0.232239
          28     2.29103     7.55157    0.409962
          28     2.46073     7.71216     0.63469
          28     2.63044     6.66699     0.52454
          28     2.80014     5.92278    0.174816
          28     2.96985      5.1011    0.197085
          28     3.13955     4.52647    0.163004
          28     3.30926     3.96497    0.166032
          28     3.47897     3.32073    0.144099
          28     3.64867     2.85475    0.101751
          28     3.81838     2.29447    0.119515
          28     3.98808     1.80747     0.11133
          28     4.15779      1.5497   0.0965639
          28     4.32749     1.17733   0.0908512
          28      4.4972     1.04057   0.0745161
          28      4.6669    0.730848   0.0799149
          28     4.83661     0.51142     0.06465
          28     5.00632     1.13468   0.0884221
          29   0.0848528   0.0370086   0.0176675
          29    0.254558    0.318121   0.0482593
          29    0.424264    0.638733   0.0480698
          29     0.59397     1.21908   0.0824746
          29    0.763675     2.21591    0.109847
          29    0.933381     3.11737    0.157456
          29     1.10309     3.96253    0.168628
          29     1.27279     5.12168    0.190808
          29      1.4425     5.79766    0.182148
          29      1.6122     6.40385    0.226994
          29     1.78191     7.03109    0.283341
          29     1.95161     7.14691     0.22508
          29     2.12132     7.15355    0.234023
          29     2.29103     7.49623    0.399543
          29     2.46073     7.75021    0.613943
          29     2.63044     6.67114    0.506469
          29     2.80014     5.87165    0.176107
          29     2.96985     5.07723    0.191728
          29     3.13955     4.58941    0.169096
          29     3.30926     3.97698     0.16074
          29     3.47897     3.35275    0.142643
          29     3.64867     2.83384    0.100369
          29     3.81838     2.27469     0.11702
          29     3.98808     1.79636    0.108044
          29     4.15779     1.52051   0.0975456
          29     4.32749     1.19328   0.0891067
          29      4.4972      1.0295   0.0727644
          29      4.6669    0.734034   0.0772227
          29     4.83661    0.522578   0.0633762
          29     5.00632     1.14613   0.0861113
          30   0.0848528   0.0358417    0.017117
          30    0.254558    0.309825   0.0473583
          30    0.424264    0.626192   0.0480756
          30     0.59397     1.24587   0.0839635
          30    0.763675     2.23907    0.108598
          30    0.933381     3.12775    0.152549
          30     1.10309     4.02781    0.175188
          30     1.27279     5.11771    0.184489
          30      1.4425     5.77653    0.177298
          30      1.6122     6.38066    0.220609
          30     1.78191      7.0123    0.274518
          30     1.95161     7.16071       0.218
          30     2.12132     7.18874    0.228852
          30     2.29103     7.52997    0.387647
          30     2.46073     7.73964    0.593569
          30     2.63044     6.62864    0.491366
          30     2.80014     5.84575     0.17213
          30     2.96985     5.09432    0.186097
          30     3.13955     4.55895    0.166179
          30     3.30926     3.94693    0.158166
          30     3.47897     3.38056    0.140572
          30     3.64867      2.8111   0.0995652
          30     3.81838     2.27196    0.113151
          30     3.98808     1.77986    0.105695
          30     4.15779     1.50593   0.0953768
          30     4.32749     1.19047   0.0861808
          30      4.4972     1.01203   0.0724069
          30      4.6669    0.725967   0.0750689
          30     4.83661    0.536417   0.0627565
          30     5.00632     1.19252   0.0949163
          31   0.0848528    0.035371   0.0165713
          31    0.254558    0.308976   0.0458382
          31    0.424264     0.63046   0.0467139
          31     0.59397     1.24283   0.0813099
          31    0.763675     2.26958    0.109298
          31    0.933381      3.1277    0.147629
          31     1.10309     4.04654    0.170536
          31     1.27279     5.09015    0.180585
          31      1.4425     5.78518     0.17179
          31      1.6122     6.42598    0.218098
          31     1.78191     6.94348    0.274152
          31     1.95161     7.16691    0.211056
          31     2.12132     7.18227    0.221561
          31     2.29103     7.50275    0.376097
          31     2.46073     7.70993    0.575165
          31     2.63044     6.65578    0.476265
          31     2.80014     5.86432    0.167576
          31     2.96985     5.07465     0.18113
          31     3.13955     4.54556    0.161357
          31     3.30926     3.97444    0.155437
          31     3.47897     3.37846    0.136054
          31     3.64867     2.81052   0.0963551
          31     3.81838      2.2552    0.110735
          31     3.98808     1.77316    0.102498
          31     4.15779     1.51638   0.0928704
          31     4.32749     1.21823   0.0877601
          31      4.4972    0.994411   0.0721818
          31      4.6669    0.733718   0.0730464
          31     4.83661    0.539024   0.0607862
          31     5.00632     1.19803   0.0920146
          32   0.0848528   0.0353828   0.0160535
          32    0.254558    0.318453    0.045375
          32    0.424264    0.642633   0.0468133
          32     0.59397     1.24784   0.0789233
          32    0.763675     2.28671    0.107216
          32    0.933381     3.10423    0.144868
          32     1.10309     4.05621     0.16548
          32     1.27279     5.03592    0.182901
          32      1.4425     5.72025    0.178269
          32      1.6122     6.40752    0.212061
          32     1.78191     6.93449    0.265733
          32     1.95161     7.20117    0.207222
          32     2.12132     7.18308    0.214639
          32     2.29103     7.48227    0.364901
          32     2.46073     7.66296    0.559105
          32     2.63044     6.67259    0.461678
          32     2.80014     5.91532    0.169923
          32     2.96985      5.1434    0.188067
          32     3.13955     4.58795    0.161784
          32     3.30926     3.96041     0.15121
          32     3.47897     3.35813    0.133312
          32     3.64867     2.80434   0.0935425
          32     3.81838     2.30948    0.119843
          32     3.98808     1.79825    0.102319
          32     4.15779     1.51755   0.0899755
          32     4.32749      1.1947   0.0881157
          32      4.4972    0.977461   0.0718888
          32      4.6669    0.720789   0.0718987
          32     4.83661    0.532531   0.0592324
          32     5.00632     1.18795   0.0896895
          33   0.0848528   0.0353939    0.015567
          33    0.254558    0.318447       0.044
          33    0.424264    0.656129   0.0473001
          33     0.59397     1.27099   0.0798544
          33    0.763675     2.26522    0.106099
          33    0.933381     3.08493    0.141759
          33     1.10309     4.05519    0.160469
          33     1.27279     5.02739    0.177558
          33      1.4425     5.67576    0.178333
          33      1.6122     6.35601      0.2118
          33     1.78191     6.87861     0.26349
          33     1.95161     7.23741    0.204087
          33     2.12132     7.18677    0.208167
          33     2.29103     7.49987    0.354267
          33     2.46073     7.60655    0.545001
          33     2.63044     6.70278    0.448673
          33     2.80014      5.9472    0.167737
          33     2.96985     5.21063    0.194013
          33     3.13955     4.63475    0.163512
          33     3.30926     3.98172    0.148122
          33     3.47897     3.36778    0.129621
          33     3.64867     2.77758    0.094456
          33     3.81838     2.33073    0.118079
          33     3.98808     1.81563    0.100684
          33     4.15779     1.49752   0.0894495
          33     4.32749      1.2037   0.0859041
          33      4.4972    0.993742   0.0715303
          33      4.6669    0.709621    0.070582
          33     4.83661    0.517924   0.0592112
          33     5.00632     1.15402   0.0931716
          34   0.0848528   0.0345515    0.015132
          34    0.254558    0.315074    0.042835
          34    0.424264    0.660706   0.0461299
          34     0.59397     1.28545   0.0788034
          34    0.763675     2.31831      0.1155
          34    0.933381     3.13479    0.146095
          34     1.10309     4.04771    0.155923
          34     1.27279     5.01615    0.172691
          34      1.4425     5.66106    0.173692
          34      1.6122     6.33321    0.206794
          34     1.78191     6.84121    0.258381
          34     1.95161     7.18978    0.203566
          34     2.12132     7.15925    0.203855
          34     2.29103     7.49136     0.34395
          34     2.46073      7.5913    0.529185
          34     2.63044      6.6927     0.43559
          34     2.80014      5.9651    0.163756
          34     2.96985      5.2086    0.188317
          34     3.13955      4.6636    0.161227
          34     3.30926     3.97526    0.143906
          34     3.47897     3.39783    0.129245
          34     3.64867     2.77457   0.0917258
          34     3.81838     2.34209    0.115152
          34     3.98808     1.82879   0.0985783
          34     4.15779      1.5021   0.0869358
          34     4.32749     1.22181   0.0852639
          34      4.4972    0.990088   0.0695198
          34      4.6669    0.705176   0.0686459
          34     4.83661    0.512493   0.0577183
          34     5.00632     1.13988    0.091498
          35   0.0848528   0.0351714   0.0147123
          35    0.254558       0.321   0.0420191
          35    0.424264      0.6595   0.0448276
          35     0.59397     1.32734   0.0869747
          35    0.763675     2.33272    0.113095
          35    0.933381     3.15092    0.142809
          35     1.10309     4.06544    0.152472
          35     1.27279     5.05389    0.171831
          35      1.4425     5.68666    0.170607
          35      1.6122      6.3259    0.201014
          35     1.78191     6.81035    0.252835
          35     1.95161     7.19525    0.197823
          35     2.12132     7.12986    0.200139
          35     2.29103     7.43848    0.338164
          35     2.46073     7.55509    0.515303
          35     2.63044     6.65516    0.424759
          35     2.80014     5.97123    0.159192
          35     2.96985     5.15205    0.191238
          35     3.13955     4.62994    0.160096
          35     3.30926      3.9962    0.141309
          35     3.47897     3.44406    0.133565
          35     3.64867       2.781   0.0893299
          35     3.81838     2.33926    0.111896
          35     3.98808     1.82873   0.0957618
          35     4.15779     1.52803    0.088233
          35     4.32749     1.25786   0.0901266
          35      4.4972     0.98225   0.0679739
          35      4.6669    0.714571   0.0673244
          35     4.83661    0.506914   0.0563381
          35     5.00632     1.12519   0.0900551
          36   0.0848528   0.0361319   0.0143349
          36    0.254558       0.329   0.0416065
          36    0.424264    0.677896   0.0472063
          36     0.59397     1.36976   0.0943415
          36    0.763675     2.35606    0.112337
          36    0.933381     3.15231    0.138849
          36     1.10309     4.08074    0.149003
          36     1.27279     5.05138    0.167076
          36      1.4425     5.71352    0.167968
          36      1.6122     6.31118    0.195969
          36     1.78191     6.83336    0.246857
          36     1.95161     7.16177    0.195141
          36     2.12132     7.10255    0.196434
          36     2.29103     7.39234    0.331903
          36     2.46073     7.54953    0.501019
          36     2.63044     6.58517    0.418687
          36     2.80014     5.96283    0.154991
          36     2.96985     5.14157    0.186212
          36     3.13955     4.64812    0.156678
          36     3.30926     4.01276    0.138351
          36     3.47897     3.45227    0.130107
          36     3.64867     2.77794   0.0869008
          36     3.81838      2.3329    0.108969
          36     3.98808     1.83203   0.0931585
          36     4.15779     1.51838   0.0863078
          36     4.32749     1.25041   0.0879302
          36      4.4972    0.991111   0.0666608
          36      4.6669       0.736     0.06878
          36     4.83661    0.506722   0.0547735
          36     5.00632     1.13424   0.0880079
          37   0.0848528   0.0431419   0.0155674
          37    0.254558    0.345905    0.043782
          37    0.424264    0.696932   0.0496206
          37     0.59397     1.37309   0.0918505
          37    0.763675     2.40171    0.118211
          37    0.933381     3.18182    0.138198
          37     1.10309     4.10628    0.147149
          37     1.27279     5.04328    0.162757
          37      1.4425     5.71832    0.163497
          37      1.6122     6.32037    0.190888
          37     1.78191     6.83884    0.240246
          37     1.95161     7.16916    0.190006
          37     2.12132     7.07666    0.192824
          37     2.29103     7.34199     0.32673
          37     2.46073     7.47532    0.492942
          37     2.63044      6.6179    0.408648
          37     2.80014      5.9644     0.15081
          37     2.96985     5.15889    0.181984
          37     3.13955     4.59691    0.160593
          37     3.30926     3.97322    0.140148
          37     3.47897     3.41968     0.13061
          37     3.64867     2.78076   0.0845978
          37     3.81838     2.32958    0.106074
          37     3.98808     1.84172   0.0911431
          37     4.15779     1.51366   0.0841045
          37     4.32749     1.25545   0.0856978
          37      4.4972     0.99802   0.0652163
          37      4.6669    0.740676   0.0670798
          37     4.83661    0.500257   0.0536734
          37     5.00632     1.17605   0.0950436
          38   0.0848528   0.0462697   0.0154688
          38    0.254558    0.373145    0.050396
          38    0.424264    0.706263   0.0491842
          38     0.59397     1.38764   0.0905775
          38    0.763675      2.4213    0.116713
          38    0.933381     3.18718    0.134665
          38     1.10309     4.09724    0.143554
          38     1.27279     5.04209    0.158478
          38      1.4425      5.7438    0.161167
          38      1.6122     6.30152    0.186793
          38     1.78191     6.84861    0.234122
          38     1.95161     7.15474    0.185552
          38     2.12132     7.06538    0.188079
          38     2.29103     7.30578    0.320132
          38     2.46073     7.41465    0.483689
          38     2.63044     6.59642    0.398458
          38     2.80014     5.95817     0.14697
          38     2.96985     5.16934    0.177494
          38     3.13955     4.57469    0.157897
          38     3.30926     4.00028    0.139047
          38     3.47897     3.46279      0.1341
          38     3.64867      2.7721   0.0828141
          38     3.81838     2.32564    0.103356
          38     3.98808     1.84587   0.0888392
          38     4.15779     1.51128   0.0819246
          38     4.32749     1.25376   0.0834591
          38      4.4972     1.01093   0.0647647
          38      4.6669     0.74098   0.0653152
          38     4.83661    0.494737    0.052544
          38     5.00632      1.1874   0.0932174
          39   0.0848528   0.0465769   0.0150752
          39    0.254558    0.369186    0.049259
          39    0.424264     0.72025   0.0498722
          39     0.59397     1.39492    0.088547
          39    0.763675     2.41792    0.113769
          39    0.933381     3.19614     0.13151
          39     1.10309     4.12078     0.14179
          39     1.27279     4.99165    0.162243
          39      1.4425     5.71082    0.160374
          39      1.6122     6.30924    0.182163
          39     1.78191     6.83401    0.228573
          39     1.95161     7.19397    0.184895
          39     2.12132       7.051    0.183805
          39     2.29103     7.26533    0.314468
          39     2.46073     7.42431    0.471383
          39     2.63044     6.58417     0.38843
          39     2.80014     5.95916    0.143205
          39     2.96985     5.16432    0.173014
          39     3.13955     4.57741    0.153872
          39     3.30926     4.03363    0.139425
          39     3.47897     3.44954    0.131315
          39     3.64867     2.79652   0.0842144
          39     3.81838     2.34833    0.103164
          39     3.98808     1.85933   0.0875747
          39     4.15779     1.50842   0.0798741
          39     4.32749     1.26085   0.0816197
          39      4.4972     1.02186     0.06402
          39      4.6669    0.739712   0.0636528
          39     4.83661    0.488276   0.0515924
          39     5.00632     1.16238   0.0941259
          40   0.0848528    0.047925   0.0147585
          40    0.254558    0.377631   0.0487461
          40    0.424264    0.748244   0.0559329
          40     0.59397     1.40314   0.0867146
          40    0.763675     2.41664    0.110932
          40    0.933381     3.22044    0.130448
          40     1.10309     4.10442    0.139186
          40     1.27279     4.98353    0.158389
          40      1.4425     5.70192    0.156612
          40      1.6122     6.26354    0.183253
          40     1.78191     6.82726    0.222958
          40     1.95161     7.23234    0.184211
          40     2.12132     7.02071    0.181689
          40     2.29103     7.24401    0.307328
          40     2.46073     7.45759    0.460772
          40     2.63044     6.60424    0.379237
          40     2.80014     5.95986    0.139626
          40     2.96985     5.14339     0.16995
          40     3.13955     4.54736     0.15293
          40     3.30926     4.03479    0.135945
          40     3.47897     3.44116    0.128299
          40     3.64867     2.80924   0.0830638
          40     3.81838     2.36096    0.101356
          40     3.98808     1.88266   0.0884382
          40     4.15779     1.50399       0.078
          40     4.32749     1.26086   0.0795792
          40      4.4972     1.01525   0.0627597
          40      4.6669    0.731994   0.0625276
          40     4.83661        0.48    0.050962
          40     5.00632     1.17492   0.0926044
