1 -0.494108 0
2 -0.480449 0.486813
3 -0.465163 0.333249
4 -0.456258 0.267357
5 -0.456182 0.229417
6 -0.45654 0.205181
7 -0.453946 0.18456
8 -0.453775 0.176317
9 -0.450001 0.170869
10 -0.444946 0.161081
11 -0.439857 0.151423
12 -0.437041 0.142738
13 -0.435288 0.138794
14 -0.437313 0.13377
15 -0.438259 0.128862
16 -0.436287 0.123598
17 -0.434795 0.119315
18 -0.436246 0.117754
19 -0.43739 0.113932
20 -0.434889 0.110204
21 -0.43693 0.107672
22 -0.438159 0.104737
23 -0.436078 0.103214
24 -0.434325 0.1015
25 -0.436383 0.099171
26 -0.436684 0.0971786
27 -0.438142 0.0952736
28 -0.437879 0.0937267
29 -0.437579 0.0919615
30 -0.436385 0.0905555
31 -0.436368 0.0887269
32 -0.43529 0.0869433
33 -0.435249 0.0852689
34 -0.433832 0.0854485
35 -0.432622 0.0844126
36 -0.433847 0.0830937
37 -0.433319 0.0820949
38 -0.433719 0.0807331
39 -0.432245 0.0801246
40 -0.432146 0.0792571
41 -0.432099 0.0785578
42 -0.432451 0.0774899
43 -0.431814 0.0763655
44 -0.433835 0.0752453
45 -0.43253 0.0741042
46 -0.432692 0.0731523
47 -0.433326 0.0726155
48 -0.433279 0.0717892
49 -0.433322 0.0708887
50 -0.433242 0.070867
51 -0.434895 0.070109
52 -0.434522 0.0693308
53 -0.435128 0.0687014
54 -0.434247 0.0680391
55 -0.434103 0.0671942
56 -0.434318 0.0664593
57 -0.435234 0.0659184
58 -0.436218 0.06541
59 -0.43542 0.0651306
60 -0.436098 0.0646293
61 -0.436415 0.0640108
62 -0.435459 0.0641869
63 -0.435535 0.0636562
64 -0.434858 0.0630552
65 -0.435367 0.0626595
66 -0.435982 0.0621264
67 -0.436385 0.0616532
68 -0.435609 0.0611576
69 -0.435956 0.0606404
70 -0.435656 0.0604482
71 -0.435666 0.0599057
72 -0.435935 0.0594303
73 -0.435698 0.0589326
74 -0.435651 0.0584446
75 -0.435262 0.0580034
76 -0.434845 0.0574942
77 -0.434979 0.0570508
78 -0.434875 0.056627
79 -0.435165 0.0561932
80 -0.434813 0.0558299
81 -0.434389 0.055446
82 -0.433796 0.0551061
83 -0.433172 0.0551632
84 -0.433367 0.0547873
85 -0.433693 0.0545586
86 -0.433881 0.0541667
87 -0.433554 0.0538596
88 -0.433328 0.0535068
89 -0.433479 0.0531345
90 -0.433568 0.0527513
91 -0.43391 0.0526651
92 -0.433877 0.0523542
93 -0.434264 0.0519947
94 -0.434355 0.0516338
95 -0.434173 0.0513203
96 -0.434173 0.0510819
97 -0.434455 0.0507597
98 -0.434201 0.0504543
99 -0.434521 0.0502232
100 -0.434735 0.0499613
101 -0.434822 0.0496711
102 -0.434922 0.0493831
103 -0.435138 0.0492522
104 -0.434988 0.0489883
105 -0.435154 0.048784
106 -0.435197 0.04849
107 -0.435107 0.0483269
108 -0.434995 0.0481292
109 -0.434556 0.0478449
110 -0.434888 0.0475937
111 -0.434423 0.0474435
112 -0.434199 0.0471633
113 -0.434238 0.0469096
114 -0.434354 0.046653
115 -0.434212 0.0465528
116 -0.434355 0.0464198
117 -0.433931 0.0462113
118 -0.433816 0.0459583
119 -0.434068 0.0457388
120 -0.433918 0.0455207
121 -0.43385 0.0453021
122 -0.433878 0.0451209
123 -0.433545 0.0450041
124 -0.433973 0.0447854
125 -0.433404 0.0446999
126 -0.434095 0.0444752
127 -0.434068 0.0442496
128 -0.433776 0.0441466
129 -0.433312 0.043931
130 -0.433436 0.0437626
131 -0.433692 0.0435712
132 -0.433481 0.0435247
133 -0.433722 0.0433207
134 -0.434001 0.0431245
135 -0.433556 0.0429692
136 -0.433369 0.0427705
137 -0.433237 0.0426674
138 -0.433209 0.0425841
139 -0.432788 0.0424077
140 -0.432539 0.042245
141 -0.432368 0.0420629
142 -0.432716 0.0418863
143 -0.432825 0.0417178
144 -0.432783 0.0415355
145 -0.432991 0.0414106
146 -0.43261 0.0412367
147 -0.432725 0.0410756
148 -0.432659 0.0408956
149 -0.432388 0.0407006
150 -0.43276 0.0405509
