0 10 0 1 0 0
1 10 0.395651 0.666621 -0.101765 0.0293026
2 3.53553 0.888147 0.923365 0.103453 0.111293
3 1.9245 0.528327 1.00502 -0.18327 0.0693562
4 1.25 0.334635 1.09207 -0.166004 0.0703016
5 0.894427 0.15556 0.837761 -0.168645 0.0290333
6 0.680414 0.441698 0.850892 -0.264263 0.0314927
7 0.539949 0.219559 1.01568 -0.248604 0.0448916
8 0.441942 0.210218 0.851197 -0.196335 0.0287153
9 0.37037 0.210218 0.851197 -0.196335 0.0287153
10 0.316228 0.352959 1.05658 -0.191833 0.0683338
11 0.274101 0.248157 1.11743 -0.160131 0.0724064
12 0.240563 0.176126 1.25757 0.084676 0.123425
13 0.213346 0.176126 1.25757 0.084676 0.123425
14 0.190901 0.146401 0.966001 -0.248681 0.0358262
15 0.172133 0.146401 0.966001 -0.248681 0.0358262
16 0.15625 -0.14969 0.935243 -0.240482 0.0329269
17 0.142668 -0.14969 0.935243 -0.240482 0.0329269
18 0.130946 -0.14969 0.935243 -0.240482 0.0329269
19 0.120745 -0.14969 0.935243 -0.240482 0.0329269
20 0.111803 -0.14969 0.935243 -0.240482 0.0329269
21 0.103913 -0.14969 0.935243 -0.240482 0.0329269
22 0.0969094 -0.14969 0.935243 -0.240482 0.0329269
23 0.0906584 -0.14969 0.935243 -0.240482 0.0329269
24 0.0850517 -0.486106 0.741415 -0.246798 0.0257528
25 0.08 -0.539313 0.918166 -0.255447 0.0475929
26 0.0754293 -0.539313 0.918166 -0.255447 0.0475929
27 0.0712778 -0.653613 0.521893 -0.30512 0.0263482
28 0.0674937 -0.627573 0.695225 -0.349766 0.0201277
29 0.0640329 -0.571034 0.535524 -0.230465 0.024718
30 0.0608581 -0.571034 0.535524 -0.230465 0.024718
31 0.0579372 -0.571034 0.535524 -0.230465 0.024718
32 0.0552427 -0.165194 0.962963 -0.250963 0.0349379
33 0.0527508 -0.165194 0.962963 -0.250963 0.0349379
34 0.0504408 -0.165194 0.962963 -0.250963 0.0349379
35 0.0482945 -0.165194 0.962963 -0.250963 0.0349379
36 0.0462963 -0.165194 0.962963 -0.250963 0.0349379
37 0.0444322 -0.560298 0.729094 -0.299748 0.0243491
38 0.0426898 -0.834954 0.662703 -0.42096 0.023286
39 0.0410585 -0.834954 0.662703 -0.42096 0.023286
40 0.0395285 -0.834954 0.662703 -0.42096 0.023286
41 0.0380912 -0.834954 0.662703 -0.42096 0.023286
42 0.0367389 -0.834954 0.662703 -0.42096 0.023286
43 0.0354648 -0.834954 0.662703 -0.42096 0.023286
44 0.0342627 -0.834954 0.662703 -0.42096 0.023286
45 0.0331269 -0.834954 0.662703 -0.42096 0.023286
46 0.0320526 -0.834954 0.662703 -0.42096 0.023286
47 0.0310351 -0.834954 0.662703 -0.42096 0.023286
48 0.0300703 -0.834954 0.662703 -0.42096 0.023286
49 0.0291545 -0.834954 0.662703 -0.42096 0.023286
50 0.0282843 -0.834954 0.662703 -0.42096 0.023286
51 0.0274565 -0.834954 0.662703 -0.42096 0.023286
52 0.0266683 -0.834954 0.662703 -0.42096 0.023286
53 0.0259171 -0.834954 0.662703 -0.42096 0.023286
54 0.0252005 -0.834954 0.662703 -0.42096 0.023286
55 0.0245164 -0.834954 0.662703 -0.42096 0.023286
56 0.0238626 -0.834954 0.662703 -0.42096 0.023286
57 0.0232374 -0.834954 0.662703 -0.42096 0.023286
58 0.022639 -0.834954 0.662703 -0.42096 0.023286
59 0.0220659 -0.834954 0.662703 -0.42096 0.023286
60 0.0215166 -0.834954 0.662703 -0.42096 0.023286
61 0.0209897 -0.834954 0.662703 -0.42096 0.023286
62 0.0204839 -0.834954 0.662703 -0.42096 0.023286
63 0.0199981 -0.834954 0.662703 -0.42096 0.023286
64 0.0195312 -0.834954 0.662703 -0.42096 0.023286
65 0.0190823 -0.834954 0.662703 -0.42096 0.023286
66 0.0186502 -0.834954 0.662703 -0.42096 0.023286
67 0.0182342 -0.834954 0.662703 -0.42096 0.023286
68 0.0178335 -0.834954 0.662703 -0.42096 0.023286
69 0.0174472 -0.834954 0.662703 -0.42096 0.023286
70 0.0170747 -0.834954 0.662703 -0.42096 0.023286
71 0.0167152 -0.834954 0.662703 -0.42096 0.023286
72 0.0163682 -0.834954 0.662703 -0.42096 0.023286
73 0.016033 -0.834954 0.662703 -0.42096 0.023286
74 0.0157091 -0.834954 0.662703 -0.42096 0.023286
75 0.015396 -0.834954 0.662703 -0.42096 0.023286
76 0.0150931 -0.834954 0.662703 -0.42096 0.023286
77 0.0148001 -0.834954 0.662703 -0.42096 0.023286
78 0.0145164 -0.834954 0.662703 -0.42096 0.023286
79 0.0142416 -0.834954 0.662703 -0.42096 0.023286
80 0.0139754 -0.834954 0.662703 -0.42096 0.023286
81 0.0137174 -0.834954 0.662703 -0.42096 0.023286
82 0.0134673 -0.834954 0.662703 -0.42096 0.023286
83 0.0132246 -0.834954 0.662703 -0.42096 0.023286
84 0.0129892 -0.834954 0.662703 -0.42096 0.023286
85 0.0127606 -0.834954 0.662703 -0.42096 0.023286
86 0.0125387 -0.834954 0.662703 -0.42096 0.023286
87 0.0123231 -0.834954 0.662703 -0.42096 0.023286
88 0.0121137 -0.834954 0.662703 -0.42096 0.023286
89 0.0119101 -0.834954 0.662703 -0.42096 0.023286
90 0.0117121 -0.834954 0.662703 -0.42096 0.023286
91 0.0115196 -0.834954 0.662703 -0.42096 0.023286
92 0.0113323 -0.834954 0.662703 -0.42096 0.023286
93 0.01115 -0.834954 0.662703 -0.42096 0.023286
94 0.0109726 -0.834954 0.662703 -0.42096 0.023286
95 0.0107998 -0.834954 0.662703 -0.42096 0.023286
96 0.0106315 -0.834954 0.662703 -0.42096 0.023286
97 0.0104675 -0.834954 0.662703 -0.42096 0.023286
98 0.0103077 -0.834954 0.662703 -0.42096 0.023286
99 0.0101519 -0.834954 0.662703 -0.42096 0.023286
100 0.01 -0.834954 0.662703 -0.42096 0.023286
101 0.00985185 -0.834954 0.662703 -0.42096 0.023286
102 0.00970733 -0.834954 0.662703 -0.42096 0.023286
103 0.0095663 -0.834954 0.662703 -0.42096 0.023286
104 0.00942866 -0.834954 0.662703 -0.42096 0.023286
105 0.00929429 -0.834954 0.662703 -0.42096 0.023286
106 0.00916307 -0.834954 0.662703 -0.42096 0.023286
107 0.00903492 -0.834954 0.662703 -0.42096 0.023286
108 0.00890973 -0.834954 0.662703 -0.42096 0.023286
109 0.0087874 -0.834954 0.662703 -0.42096 0.023286
110 0.00866784 -0.834954 0.662703 -0.42096 0.023286
111 0.00855097 -0.834954 0.662703 -0.42096 0.023286
112 0.00843671 -0.834954 0.662703 -0.42096 0.023286
113 0.00832496 -0.834954 0.662703 -0.42096 0.023286
114 0.00821567 -0.834954 0.662703 -0.42096 0.023286
115 0.00810874 -0.834954 0.662703 -0.42096 0.023286
116 0.00800411 -0.834954 0.662703 -0.42096 0.023286
117 0.00790171 -0.834954 0.662703 -0.42096 0.023286
118 0.00780148 -0.834954 0.662703 -0.42096 0.023286
119 0.00770335 -0.834954 0.662703 -0.42096 0.023286
120 0.00760726 -0.834954 0.662703 -0.42096 0.023286
121 0.00751315 -0.834954 0.662703 -0.42096 0.023286
122 0.00742096 -0.834954 0.662703 -0.42096 0.023286
123 0.00733065 -0.834954 0.662703 -0.42096 0.023286
124 0.00724215 -0.834954 0.662703 -0.42096 0.023286
125 0.00715542 -0.834954 0.662703 -0.42096 0.023286
126 0.0070704 -0.834954 0.662703 -0.42096 0.023286
127 0.00698706 -0.834954 0.662703 -0.42096 0.023286
128 0.00690534 -0.834954 0.662703 -0.42096 0.023286
129 0.0068252 -0.819012 0.606414 -0.442016 0.0147726
130 0.0067466 -0.819012 0.606414 -0.442016 0.0147726
131 0.0066695 -0.819012 0.606414 -0.442016 0.0147726
132 0.00659385 -0.819012 0.606414 -0.442016 0.0147726
133 0.00651962 -0.819012 0.606414 -0.442016 0.0147726
134 0.00644678 -0.819012 0.606414 -0.442016 0.0147726
135 0.00637528 -0.819012 0.606414 -0.442016 0.0147726
136 0.0063051 -0.819012 0.606414 -0.442016 0.0147726
137 0.00623619 -0.819012 0.606414 -0.442016 0.0147726
138 0.00616853 -0.819012 0.606414 -0.442016 0.0147726
139 0.00610208 -0.819012 0.606414 -0.442016 0.0147726
140 0.00603682 -0.819012 0.606414 -0.442016 0.0147726
141 0.00597271 -0.819012 0.606414 -0.442016 0.0147726
142 0.00590973 -0.819012 0.606414 -0.442016 0.0147726
143 0.00584785 -0.819012 0.606414 -0.442016 0.0147726
144 0.00578704 -0.819012 0.606414 -0.442016 0.0147726
145 0.00572727 -0.819012 0.606414 -0.442016 0.0147726
146 0.00566853 -0.819012 0.606414 -0.442016 0.0147726
147 0.00561079 -0.819012 0.606414 -0.442016 0.0147726
148 0.00555402 -0.819012 0.606414 -0.442016 0.0147726
149 0.0054982 -0.819012 0.606414 -0.442016 0.0147726
150 0.00544331 -0.819012 0.606414 -0.442016 0.0147726
151 0.00538933 -0.819012 0.606414 -0.442016 0.0147726
152 0.00533623 -0.819012 0.606414 -0.442016 0.0147726
153 0.005284 -0.819012 0.606414 -0.442016 0.0147726
154 0.00523262 -0.819012 0.606414 -0.442016 0.0147726
155 0.00518206 -0.819012 0.606414 -0.442016 0.0147726
156 0.00513231 -0.819012 0.606414 -0.442016 0.0147726
157 0.00508336 -0.819012 0.606414 -0.442016 0.0147726
158 0.00503517 -0.819012 0.606414 -0.442016 0.0147726
159 0.00498775 -0.819012 0.606414 -0.442016 0.0147726
160 0.00494106 -0.819012 0.606414 -0.442016 0.0147726
161 0.0048951 -0.819012 0.606414 -0.442016 0.0147726
162 0.00484984 -0.819012 0.606414 -0.442016 0.0147726
163 0.00480528 -0.819012 0.606414 -0.442016 0.0147726
164 0.0047614 -0.819012 0.606414 -0.442016 0.0147726
165 0.00471818 -0.819012 0.606414 -0.442016 0.0147726
166 0.00467561 -0.819012 0.606414 -0.442016 0.0147726
167 0.00463367 -0.819012 0.606414 -0.442016 0.0147726
168 0.00459236 -0.819012 0.606414 -0.442016 0.0147726
169 0.00455166 -0.819012 0.606414 -0.442016 0.0147726
170 0.00451156 -0.819012 0.606414 -0.442016 0.0147726
171 0.00447204 -0.819012 0.606414 -0.442016 0.0147726
172 0.0044331 -0.819012 0.606414 -0.442016 0.0147726
173 0.00439472 -0.819012 0.606414 -0.442016 0.0147726
174 0.00435689 -0.819012 0.606414 -0.442016 0.0147726
175 0.00431959 -0.819012 0.606414 -0.442016 0.0147726
176 0.00428283 -0.819012 0.606414 -0.442016 0.0147726
177 0.00424659 -0.819012 0.606414 -0.442016 0.0147726
178 0.00421085 -0.819012 0.606414 -0.442016 0.0147726
179 0.00417562 -0.819012 0.606414 -0.442016 0.0147726
180 0.00414087 -0.819012 0.606414 -0.442016 0.0147726
181 0.0041066 -0.819012 0.606414 -0.442016 0.0147726
182 0.0040728 -0.819012 0.606414 -0.442016 0.0147726
183 0.00403946 -0.819012 0.606414 -0.442016 0.0147726
184 0.00400657 -0.819012 0.606414 -0.442016 0.0147726
185 0.00397413 -0.819012 0.606414 -0.442016 0.0147726
186 0.00394213 -0.819012 0.606414 -0.442016 0.0147726
187 0.00391055 -0.819012 0.606414 -0.442016 0.0147726
188 0.00387939 -0.819012 0.606414 -0.442016 0.0147726
189 0.00384864 -0.819012 0.606414 -0.442016 0.0147726
190 0.0038183 -0.819012 0.606414 -0.442016 0.0147726
191 0.00378835 -0.819012 0.606414 -0.442016 0.0147726
192 0.00375879 -0.819012 0.606414 -0.442016 0.0147726
193 0.00372962 -0.819012 0.606414 -0.442016 0.0147726
194 0.00370082 -0.819012 0.606414 -0.442016 0.0147726
195 0.00367238 -0.819012 0.606414 -0.442016 0.0147726
196 0.00364431 -0.819012 0.606414 -0.442016 0.0147726
197 0.0036166 -0.819012 0.606414 -0.442016 0.0147726
198 0.00358924 -0.819012 0.606414 -0.442016 0.0147726
199 0.00356222 -0.819012 0.606414 -0.442016 0.0147726
200 0.00353553 -0.819012 0.606414 -0.442016 0.0147726
201 0.00350918 -0.819012 0.606414 -0.442016 0.0147726
202 0.00348316 -0.819012 0.606414 -0.442016 0.0147726
203 0.00345745 -0.819012 0.606414 -0.442016 0.0147726
204 0.00343206 -0.819012 0.606414 -0.442016 0.0147726
205 0.00340698 -0.819012 0.606414 -0.442016 0.0147726
206 0.0033822 -0.819012 0.606414 -0.442016 0.0147726
207 0.00335772 -0.819012 0.606414 -0.442016 0.0147726
208 0.00333353 -0.819012 0.606414 -0.442016 0.0147726
209 0.00330964 -0.819012 0.606414 -0.442016 0.0147726
210 0.00328603 -0.819012 0.606414 -0.442016 0.0147726
211 0.00326269 -0.819012 0.606414 -0.442016 0.0147726
212 0.00323964 -0.819012 0.606414 -0.442016 0.0147726
213 0.00321685 -0.819012 0.606414 -0.442016 0.0147726
214 0.00319433 -0.819012 0.606414 -0.442016 0.0147726
215 0.00317207 -0.819012 0.606414 -0.442016 0.0147726
216 0.00315006 -0.819012 0.606414 -0.442016 0.0147726
217 0.00312831 -0.819012 0.606414 -0.442016 0.0147726
218 0.00310681 -0.819012 0.606414 -0.442016 0.0147726
219 0.00308556 -0.819012 0.606414 -0.442016 0.0147726
220 0.00306454 -0.819012 0.606414 -0.442016 0.0147726
221 0.00304377 -0.819012 0.606414 -0.442016 0.0147726
222 0.00302323 -0.819012 0.606414 -0.442016 0.0147726
223 0.00300291 -0.819012 0.606414 -0.442016 0.0147726
224 0.00298283 -0.819012 0.606414 -0.442016 0.0147726
225 0.00296296 -0.819012 0.606414 -0.442016 0.0147726
226 0.00294332 -0.819012 0.606414 -0.442016 0.0147726
227 0.00292389 -0.819012 0.606414 -0.442016 0.0147726
228 0.00290468 -0.819012 0.606414 -0.442016 0.0147726
229 0.00288567 -0.819012 0.606414 -0.442016 0.0147726
230 0.00286687 -0.819012 0.606414 -0.442016 0.0147726
231 0.00284828 -0.819012 0.606414 -0.442016 0.0147726
232 0.00282988 -0.819012 0.606414 -0.442016 0.0147726
233 0.00281168 -0.819012 0.606414 -0.442016 0.0147726
234 0.00279368 -0.819012 0.606414 -0.442016 0.0147726
235 0.00277586 -0.819012 0.606414 -0.442016 0.0147726
236 0.00275824 -0.819012 0.606414 -0.442016 0.0147726
237 0.0027408 -0.819012 0.606414 -0.442016 0.0147726
238 0.00272355 -0.819012 0.606414 -0.442016 0.0147726
239 0.00270647 -0.819012 0.606414 -0.442016 0.0147726
240 0.00268957 -0.819012 0.606414 -0.442016 0.0147726
241 0.00267285 -0.819012 0.606414 -0.442016 0.0147726
242 0.0026563 -0.819012 0.606414 -0.442016 0.0147726
243 0.00263992 -0.819012 0.606414 -0.442016 0.0147726
244 0.00262371 -0.819012 0.606414 -0.442016 0.0147726
245 0.00260766 -0.819012 0.606414 -0.442016 0.0147726
246 0.00259178 -0.819012 0.606414 -0.442016 0.0147726
247 0.00257605 -0.819012 0.606414 -0.442016 0.0147726
248 0.00256049 -0.819012 0.606414 -0.442016 0.0147726
249 0.00254508 -0.819012 0.606414 -0.442016 0.0147726
250 0.00252982 -0.819012 0.606414 -0.442016 0.0147726
251 0.00251472 -0.819012 0.606414 -0.442016 0.0147726
252 0.00249977 -0.819012 0.606414 -0.442016 0.0147726
253 0.00248496 -0.819012 0.606414 -0.442016 0.0147726
254 0.0024703 -0.819012 0.606414 -0.442016 0.0147726
255 0.00245578 -0.819012 0.606414 -0.442016 0.0147726
256 0.00244141 -0.819012 0.606414 -0.442016 0.0147726
257 0.00242717 -0.819012 0.606414 -0.442016 0.0147726
258 0.00241307 -0.819012 0.606414 -0.442016 0.0147726
259 0.00239911 -0.819012 0.606414 -0.442016 0.0147726
260 0.00238528 -0.819012 0.606414 -0.442016 0.0147726
261 0.00237159 -0.819012 0.606414 -0.442016 0.0147726
262 0.00235802 -0.819012 0.606414 -0.442016 0.0147726
263 0.00234459 -0.819012 0.606414 -0.442016 0.0147726
264 0.00233128 -0.816446 0.604538 -0.441979 0.0146625
265 0.00231809 -0.816446 0.604538 -0.441979 0.0146625
266 0.00230504 -0.816446 0.604538 -0.441979 0.0146625
267 0.0022921 -0.816446 0.604538 -0.441979 0.0146625
268 0.00227928 -0.816446 0.604538 -0.441979 0.0146625
269 0.00226658 -0.816446 0.604538 -0.441979 0.0146625
270 0.002254 -0.816446 0.604538 -0.441979 0.0146625
271 0.00224154 -0.816446 0.604538 -0.441979 0.0146625
272 0.00222919 -0.816446 0.604538 -0.441979 0.0146625
273 0.00221695 -0.816446 0.604538 -0.441979 0.0146625
274 0.00220483 -0.816446 0.604538 -0.441979 0.0146625
275 0.00219281 -0.816446 0.604538 -0.441979 0.0146625
276 0.0021809 -0.816446 0.604538 -0.441979 0.0146625
277 0.0021691 -0.816446 0.604538 -0.441979 0.0146625
278 0.00215741 -0.816446 0.604538 -0.441979 0.0146625
279 0.00214582 -0.816446 0.604538 -0.441979 0.0146625
280 0.00213434 -0.816446 0.604538 -0.441979 0.0146625
281 0.00212295 -0.816446 0.604538 -0.441979 0.0146625
282 0.00211167 -0.816446 0.604538 -0.441979 0.0146625
283 0.00210049 -0.816446 0.604538 -0.441979 0.0146625
284 0.0020894 -0.816446 0.604538 -0.441979 0.0146625
285 0.00207842 -0.816446 0.604538 -0.441979 0.0146625
286 0.00206753 -0.816446 0.604538 -0.441979 0.0146625
287 0.00205673 -0.816446 0.604538 -0.441979 0.0146625
288 0.00204603 -0.816446 0.604538 -0.441979 0.0146625
289 0.00203542 -0.816446 0.604538 -0.441979 0.0146625
290 0.0020249 -0.816446 0.604538 -0.441979 0.0146625
291 0.00201447 -0.816446 0.604538 -0.441979 0.0146625
292 0.00200413 -0.816446 0.604538 -0.441979 0.0146625
293 0.00199388 -0.816446 0.604538 -0.441979 0.0146625
294 0.00198371 -0.816446 0.604538 -0.441979 0.0146625
295 0.00197364 -0.816446 0.604538 -0.441979 0.0146625
296 0.00196364 -0.816446 0.604538 -0.441979 0.0146625
297 0.00195373 -0.816446 0.604538 -0.441979 0.0146625
298 0.00194391 -0.816446 0.604538 -0.441979 0.0146625
299 0.00193416 -0.816446 0.604538 -0.441979 0.0146625
300 0.0019245 -0.816446 0.604538 -0.441979 0.0146625
301 0.00191492 -0.816446 0.604538 -0.441979 0.0146625
302 0.00190542 -0.816446 0.604538 -0.441979 0.0146625
303 0.00189599 -0.816446 0.604538 -0.441979 0.0146625
304 0.00188664 -0.816446 0.604538 -0.441979 0.0146625
305 0.00187737 -0.816446 0.604538 -0.441979 0.0146625
306 0.00186818 -0.816446 0.604538 -0.441979 0.0146625
307 0.00185906 -0.816446 0.604538 -0.441979 0.0146625
308 0.00185001 -0.816446 0.604538 -0.441979 0.0146625
309 0.00184104 -0.816446 0.604538 -0.441979 0.0146625
310 0.00183213 -0.816446 0.604538 -0.441979 0.0146625
311 0.00182331 -0.816446 0.604538 -0.441979 0.0146625
312 0.00181455 -0.816446 0.604538 -0.441979 0.0146625
313 0.00180586 -0.816446 0.604538 -0.441979 0.0146625
314 0.00179724 -0.816446 0.604538 -0.441979 0.0146625
315 0.00178869 -0.816446 0.604538 -0.441979 0.0146625
316 0.0017802 -0.816446 0.604538 -0.441979 0.0146625
317 0.00177179 -0.816446 0.604538 -0.441979 0.0146625
318 0.00176343 -0.816446 0.604538 -0.441979 0.0146625
319 0.00175515 -0.816446 0.604538 -0.441979 0.0146625
320 0.00174693 -0.816446 0.604538 -0.441979 0.0146625
321 0.00173877 -0.816446 0.604538 -0.441979 0.0146625
322 0.00173068 -0.816446 0.604538 -0.441979 0.0146625
323 0.00172265 -0.816446 0.604538 -0.441979 0.0146625
324 0.00171468 -0.816446 0.604538 -0.441979 0.0146625
325 0.00170677 -0.816446 0.604538 -0.441979 0.0146625
326 0.00169892 -0.816446 0.604538 -0.441979 0.0146625
327 0.00169114 -0.816446 0.604538 -0.441979 0.0146625
328 0.00168341 -0.816446 0.604538 -0.441979 0.0146625
329 0.00167574 -0.816446 0.604538 -0.441979 0.0146625
330 0.00166813 -0.816446 0.604538 -0.441979 0.0146625
331 0.00166057 -0.816446 0.604538 -0.441979 0.0146625
332 0.00165308 -0.816446 0.604538 -0.441979 0.0146625
333 0.00164564 -0.816446 0.604538 -0.441979 0.0146625
334 0.00163825 -0.816446 0.604538 -0.441979 0.0146625
335 0.00163092 -0.816446 0.604538 -0.441979 0.0146625
336 0.00162365 -0.816446 0.604538 -0.441979 0.0146625
337 0.00161642 -0.816446 0.604538 -0.441979 0.0146625
338 0.00160926 -0.816446 0.604538 -0.441979 0.0146625
339 0.00160214 -0.816446 0.604538 -0.441979 0.0146625
340 0.00159508 -0.816446 0.604538 -0.441979 0.0146625
341 0.00158807 -0.816446 0.604538 -0.441979 0.0146625
342 0.00158111 -0.816446 0.604538 -0.441979 0.0146625
343 0.0015742 -0.816446 0.604538 -0.441979 0.0146625
344 0.00156734 -0.816446 0.604538 -0.441979 0.0146625
345 0.00156053 -0.816446 0.604538 -0.441979 0.0146625
346 0.00155377 -0.816446 0.604538 -0.441979 0.0146625
347 0.00154706 -0.816446 0.604538 -0.441979 0.0146625
348 0.00154039 -0.816446 0.604538 -0.441979 0.0146625
349 0.00153378 -0.816446 0.604538 -0.441979 0.0146625
350 0.00152721 -0.816446 0.604538 -0.441979 0.0146625
351 0.00152069 -0.816446 0.604538 -0.441979 0.0146625
352 0.00151421 -0.816446 0.604538 -0.441979 0.0146625
353 0.00150778 -0.816446 0.604538 -0.441979 0.0146625
354 0.0015014 -0.816446 0.604538 -0.441979 0.0146625
355 0.00149506 -0.816446 0.604538 -0.441979 0.0146625
356 0.00148876 -0.816446 0.604538 -0.441979 0.0146625
357 0.00148251 -0.816446 0.604538 -0.441979 0.0146625
358 0.0014763 -0.816446 0.604538 -0.441979 0.0146625
359 0.00147014 -0.816446 0.604538 -0.441979 0.0146625
360 0.00146402 -0.816446 0.604538 -0.441979 0.0146625
361 0.00145794 -0.816446 0.604538 -0.441979 0.0146625
362 0.0014519 -0.816446 0.604538 -0.441979 0.0146625
363 0.00144591 -0.816446 0.604538 -0.441979 0.0146625
364 0.00143995 -0.816446 0.604538 -0.441979 0.0146625
365 0.00143404 -0.816446 0.604538 -0.441979 0.0146625
366 0.00142816 -0.816446 0.604538 -0.441979 0.0146625
367 0.00142233 -0.816446 0.604538 -0.441979 0.0146625
368 0.00141654 -0.816446 0.604538 -0.441979 0.0146625
369 0.00141078 -0.816446 0.604538 -0.441979 0.0146625
370 0.00140507 -0.816446 0.604538 -0.441979 0.0146625
371 0.00139939 -0.816446 0.604538 -0.441979 0.0146625
372 0.00139375 -0.816446 0.604538 -0.441979 0.0146625
373 0.00138815 -0.816446 0.604538 -0.441979 0.0146625
374 0.00138259 -0.816446 0.604538 -0.441979 0.0146625
375 0.00137706 -0.816446 0.604538 -0.441979 0.0146625
376 0.00137157 -0.816446 0.604538 -0.441979 0.0146625
377 0.00136612 -0.816446 0.604538 -0.441979 0.0146625
378 0.0013607 -0.816446 0.604538 -0.441979 0.0146625
379 0.00135532 -0.816446 0.604538 -0.441979 0.0146625
380 0.00134997 -0.816446 0.604538 -0.441979 0.0146625
381 0.00134466 -0.816446 0.604538 -0.441979 0.0146625
382 0.00133938 -0.816446 0.604538 -0.441979 0.0146625
383 0.00133414 -0.816446 0.604538 -0.441979 0.0146625
384 0.00132893 -0.816446 0.604538 -0.441979 0.0146625
385 0.00132376 -0.816446 0.604538 -0.441979 0.0146625
386 0.00131862 -0.816446 0.604538 -0.441979 0.0146625
387 0.00131351 -0.816446 0.604538 -0.441979 0.0146625
388 0.00130844 -0.816446 0.604538 -0.441979 0.0146625
389 0.00130339 -0.816446 0.604538 -0.441979 0.0146625
390 0.00129838 -0.816446 0.604538 -0.441979 0.0146625
391 0.00129341 -0.816446 0.604538 -0.441979 0.0146625
392 0.00128846 -0.816446 0.604538 -0.441979 0.0146625
393 0.00128355 -0.816446 0.604538 -0.441979 0.0146625
394 0.00127866 -0.816446 0.604538 -0.441979 0.0146625
395 0.00127381 -0.816446 0.604538 -0.441979 0.0146625
396 0.00126899 -0.816446 0.604538 -0.441979 0.0146625
397 0.0012642 -0.816446 0.604538 -0.441979 0.0146625
398 0.00125943 -0.816446 0.604538 -0.441979 0.0146625
399 0.0012547 -0.816446 0.604538 -0.441979 0.0146625
400 0.00125 -0.816446 0.604538 -0.441979 0.0146625
401 0.00124533 -0.816446 0.604538 -0.441979 0.0146625
402 0.00124068 -0.816446 0.604538 -0.441979 0.0146625
403 0.00123607 -0.816446 0.604538 -0.441979 0.0146625
404 0.00123148 -0.816446 0.604538 -0.441979 0.0146625
405 0.00122692 -0.816446 0.604538 -0.441979 0.0146625
406 0.00122239 -0.816446 0.604538 -0.441979 0.0146625
407 0.00121789 -0.816446 0.604538 -0.441979 0.0146625
408 0.00121342 -0.816446 0.604538 -0.441979 0.0146625
409 0.00120897 -0.816446 0.604538 -0.441979 0.0146625
410 0.00120455 -0.816446 0.604538 -0.441979 0.0146625
411 0.00120015 -0.816446 0.604538 -0.441979 0.0146625
412 0.00119579 -0.816446 0.604538 -0.441979 0.0146625
413 0.00119145 -0.816446 0.604538 -0.441979 0.0146625
414 0.00118713 -0.816446 0.604538 -0.441979 0.0146625
415 0.00118285 -0.816446 0.604538 -0.441979 0.0146625
416 0.00117858 -0.816446 0.604538 -0.441979 0.0146625
417 0.00117435 -0.816446 0.604538 -0.441979 0.0146625
418 0.00117013 -0.816446 0.604538 -0.441979 0.0146625
419 0.00116595 -0.816446 0.604538 -0.441979 0.0146625
420 0.00116179 -0.816446 0.604538 -0.441979 0.0146625
421 0.00115765 -0.816446 0.604538 -0.441979 0.0146625
422 0.00115354 -0.816446 0.604538 -0.441979 0.0146625
423 0.00114945 -0.816446 0.604538 -0.441979 0.0146625
424 0.00114538 -0.816446 0.604538 -0.441979 0.0146625
425 0.00114134 -0.816446 0.604538 -0.441979 0.0146625
426 0.00113733 -0.816446 0.604538 -0.441979 0.0146625
427 0.00113333 -0.816446 0.604538 -0.441979 0.0146625
428 0.00112937 -0.816446 0.604538 -0.441979 0.0146625
429 0.00112542 -0.816446 0.604538 -0.441979 0.0146625
430 0.00112149 -0.816446 0.604538 -0.441979 0.0146625
431 0.00111759 -0.816446 0.604538 -0.441979 0.0146625
432 0.00111372 -0.816446 0.604538 -0.441979 0.0146625
433 0.00110986 -0.816446 0.604538 -0.441979 0.0146625
434 0.00110603 -0.816446 0.604538 -0.441979 0.0146625
435 0.00110221 -0.816446 0.604538 -0.441979 0.0146625
436 0.00109842 -0.816446 0.604538 -0.441979 0.0146625
437 0.00109466 -0.816446 0.604538 -0.441979 0.0146625
438 0.00109091 -0.816446 0.604538 -0.441979 0.0146625
439 0.00108718 -0.816446 0.604538 -0.441979 0.0146625
440 0.00108348 -0.816446 0.604538 -0.441979 0.0146625
441 0.0010798 -0.816446 0.604538 -0.441979 0.0146625
442 0.00107613 -0.816446 0.604538 -0.441979 0.0146625
443 0.00107249 -0.816446 0.604538 -0.441979 0.0146625
444 0.00106887 -0.816446 0.604538 -0.441979 0.0146625
445 0.00106527 -0.816446 0.604538 -0.441979 0.0146625
446 0.00106169 -0.816446 0.604538 -0.441979 0.0146625
447 0.00105813 -0.816446 0.604538 -0.441979 0.0146625
448 0.00105459 -0.816446 0.604538 -0.441979 0.0146625
449 0.00105107 -0.816446 0.604538 -0.441979 0.0146625
450 0.00104757 -0.816446 0.604538 -0.441979 0.0146625
451 0.00104408 -0.816446 0.604538 -0.441979 0.0146625
452 0.00104062 -0.816446 0.604538 -0.441979 0.0146625
453 0.00103718 -0.816446 0.604538 -0.441979 0.0146625
454 0.00103375 -0.816446 0.604538 -0.441979 0.0146625
455 0.00103035 -0.816446 0.604538 -0.441979 0.0146625
456 0.00102696 -0.816446 0.604538 -0.441979 0.0146625
457 0.00102359 -0.816446 0.604538 -0.441979 0.0146625
458 0.00102024 -0.816446 0.604538 -0.441979 0.0146625
459 0.00101691 -0.816446 0.604538 -0.441979 0.0146625
460 0.00101359 -0.816446 0.604538 -0.441979 0.0146625
461 0.0010103 -0.816446 0.604538 -0.441979 0.0146625
462 0.00100702 -0.816446 0.604538 -0.441979 0.0146625
463 0.00100376 -0.816446 0.604538 -0.441979 0.0146625
464 0.00100051 -0.816446 0.604538 -0.441979 0.0146625
465 0.000997288 -0.816446 0.604538 -0.441979 0.0146625
466 0.00099408 -0.816446 0.604538 -0.441979 0.0146625
467 0.000990888 -0.816446 0.604538 -0.441979 0.0146625
468 0.000987714 -0.816446 0.604538 -0.441979 0.0146625
469 0.000984557 -0.816446 0.604538 -0.441979 0.0146625
470 0.000981416 -0.816446 0.604538 -0.441979 0.0146625
471 0.000978292 -0.816446 0.604538 -0.441979 0.0146625
472 0.000975185 -0.816446 0.604538 -0.441979 0.0146625
473 0.000972094 -0.816446 0.604538 -0.441979 0.0146625
474 0.000969019 -0.816446 0.604538 -0.441979 0.0146625
475 0.000965961 -0.816446 0.604538 -0.441979 0.0146625
476 0.000962919 -0.816446 0.604538 -0.441979 0.0146625
477 0.000959892 -0.816446 0.604538 -0.441979 0.0146625
478 0.000956881 -0.816446 0.604538 -0.441979 0.0146625
479 0.000953887 -0.816446 0.604538 -0.441979 0.0146625
480 0.000950907 -0.816446 0.604538 -0.441979 0.0146625
481 0.000947943 -0.816446 0.604538 -0.441979 0.0146625
482 0.000944995 -0.816446 0.604538 -0.441979 0.0146625
483 0.000942062 -0.816446 0.604538 -0.441979 0.0146625
484 0.000939144 -0.816446 0.604538 -0.441979 0.0146625
485 0.00093624 -0.816446 0.604538 -0.441979 0.0146625
486 0.000933352 -0.816446 0.604538 -0.441979 0.0146625
487 0.000930479 -0.816446 0.604538 -0.441979 0.0146625
488 0.00092762 -0.816446 0.604538 -0.441979 0.0146625
489 0.000924776 -0.816446 0.604538 -0.441979 0.0146625
490 0.000921947 -0.816446 0.604538 -0.441979 0.0146625
491 0.000919132 -0.816446 0.604538 -0.441979 0.0146625
492 0.000916331 -0.816446 0.604538 -0.441979 0.0146625
493 0.000913544 -0.816446 0.604538 -0.441979 0.0146625
494 0.000910772 -0.816446 0.604538 -0.441979 0.0146625
495 0.000908013 -0.816446 0.604538 -0.441979 0.0146625
496 0.000905269 -0.816446 0.604538 -0.441979 0.0146625
497 0.000902538 -0.816446 0.604538 -0.441979 0.0146625
498 0.000899821 -0.816446 0.604538 -0.441979 0.0146625
499 0.000897117 -0.816446 0.604538 -0.441979 0.0146625
500 0.000894427 -0.816446 0.604538 -0.441979 0.0146625
501 0.000891751 -0.816446 0.604538 -0.441979 0.0146625
502 0.000889087 -0.816446 0.604538 -0.441979 0.0146625
503 0.000886437 -0.816446 0.604538 -0.441979 0.0146625
504 0.0008838 -0.816446 0.604538 -0.441979 0.0146625
505 0.000881177 -0.816446 0.604538 -0.441979 0.0146625
506 0.000878566 -0.816446 0.604538 -0.441979 0.0146625
507 0.000875968 -0.816446 0.604538 -0.441979 0.0146625
508 0.000873382 -0.816446 0.604538 -0.441979 0.0146625
509 0.00087081 -0.816446 0.604538 -0.441979 0.0146625
510 0.00086825 -0.816446 0.604538 -0.441979 0.0146625
511 0.000865702 -0.816446 0.604538 -0.441979 0.0146625
512 0.000863167 -0.816446 0.604538 -0.441979 0.0146625
513 0.000860645 -0.816446 0.604538 -0.441979 0.0146625
514 0.000858134 -0.816446 0.604538 -0.441979 0.0146625
515 0.000855636 -0.816446 0.604538 -0.441979 0.0146625
516 0.00085315 -0.816446 0.604538 -0.441979 0.0146625
517 0.000850676 -0.816446 0.604538 -0.441979 0.0146625
518 0.000848214 -0.816446 0.604538 -0.441979 0.0146625
519 0.000845764 -0.816446 0.604538 -0.441979 0.0146625
520 0.000843325 -0.816446 0.604538 -0.441979 0.0146625
521 0.000840898 -0.816446 0.604538 -0.441979 0.0146625
522 0.000838483 -0.816446 0.604538 -0.441979 0.0146625
523 0.000836079 -0.816446 0.604538 -0.441979 0.0146625
524 0.000833687 -0.816446 0.604538 -0.441979 0.0146625
525 0.000831306 -0.816446 0.604538 -0.441979 0.0146625
526 0.000828937 -0.816446 0.604538 -0.441979 0.0146625
527 0.000826578 -0.816446 0.604538 -0.441979 0.0146625
528 0.000824231 -0.816446 0.604538 -0.441979 0.0146625
529 0.000821895 -0.816446 0.604538 -0.441979 0.0146625
530 0.00081957 -0.816446 0.604538 -0.441979 0.0146625
531 0.000817256 -0.816446 0.604538 -0.441979 0.0146625
532 0.000814953 -0.816446 0.604538 -0.441979 0.0146625
533 0.000812661 -0.816446 0.604538 -0.441979 0.0146625
534 0.000810379 -0.816446 0.604538 -0.441979 0.0146625
535 0.000808108 -0.816446 0.604538 -0.441979 0.0146625
536 0.000805847 -0.816446 0.604538 -0.441979 0.0146625
537 0.000803597 -0.816446 0.604538 -0.441979 0.0146625
538 0.000801358 -0.816446 0.604538 -0.441979 0.0146625
539 0.000799129 -0.816446 0.604538 -0.441979 0.0146625
540 0.00079691 -0.816446 0.604538 -0.441979 0.0146625
541 0.000794702 -0.816446 0.604538 -0.441979 0.0146625
542 0.000792503 -0.816446 0.604538 -0.441979 0.0146625
543 0.000790315 -0.816446 0.604538 -0.441979 0.0146625
544 0.000788137 -0.816446 0.604538 -0.441979 0.0146625
545 0.000785969 -0.816446 0.604538 -0.441979 0.0146625
546 0.00078381 -0.816446 0.604538 -0.441979 0.0146625
547 0.000781662 -0.816446 0.604538 -0.441979 0.0146625
548 0.000779523 -0.816446 0.604538 -0.441979 0.0146625
549 0.000777395 -0.816446 0.604538 -0.441979 0.0146625
550 0.000775275 -0.816446 0.604538 -0.441979 0.0146625
551 0.000773166 -0.816446 0.604538 -0.441979 0.0146625
552 0.000771066 -0.816446 0.604538 -0.441979 0.0146625
553 0.000768975 -0.816446 0.604538 -0.441979 0.0146625
554 0.000766894 -0.816446 0.604538 -0.441979 0.0146625
555 0.000764822 -0.816446 0.604538 -0.441979 0.0146625
556 0.00076276 -0.816446 0.604538 -0.441979 0.0146625
557 0.000760707 -0.816446 0.604538 -0.441979 0.0146625
558 0.000758663 -0.816446 0.604538 -0.441979 0.0146625
559 0.000756628 -0.816446 0.604538 -0.441979 0.0146625
560 0.000754602 -0.816446 0.604538 -0.441979 0.0146625
561 0.000752585 -0.816446 0.604538 -0.441979 0.0146625
562 0.000750577 -0.816446 0.604538 -0.441979 0.0146625
563 0.000748579 -0.816446 0.604538 -0.441979 0.0146625
564 0.000746589 -0.816446 0.604538 -0.441979 0.0146625
565 0.000744607 -0.816446 0.604538 -0.441979 0.0146625
566 0.000742635 -0.816446 0.604538 -0.441979 0.0146625
567 0.000740671 -0.816446 0.604538 -0.441979 0.0146625
568 0.000738716 -0.816446 0.604538 -0.441979 0.0146625
569 0.000736769 -0.816446 0.604538 -0.441979 0.0146625
570 0.000734831 -0.816446 0.604538 -0.441979 0.0146625
571 0.000732902 -0.816446 0.604538 -0.441979 0.0146625
572 0.000730981 -0.816446 0.604538 -0.441979 0.0146625
573 0.000729068 -0.816446 0.604538 -0.441979 0.0146625
574 0.000727164 -0.816446 0.604538 -0.441979 0.0146625
575 0.000725268 -0.816446 0.604538 -0.441979 0.0146625
576 0.00072338 -0.816446 0.604538 -0.441979 0.0146625
577 0.0007215 -0.816446 0.604538 -0.441979 0.0146625
578 0.000719628 -0.816446 0.604538 -0.441979 0.0146625
579 0.000717765 -0.816446 0.604538 -0.441979 0.0146625
580 0.000715909 -0.816446 0.604538 -0.441979 0.0146625
581 0.000714062 -0.816446 0.604538 -0.441979 0.0146625
582 0.000712222 -0.816446 0.604538 -0.441979 0.0146625
583 0.000710391 -0.816446 0.604538 -0.441979 0.0146625
584 0.000708567 -0.816446 0.604538 -0.441979 0.0146625
585 0.000706751 -0.816446 0.604538 -0.441979 0.0146625
586 0.000704942 -0.816446 0.604538 -0.441979 0.0146625
587 0.000703142 -0.816446 0.604538 -0.441979 0.0146625
588 0.000701349 -0.816446 0.604538 -0.441979 0.0146625
589 0.000699563 -0.816446 0.604538 -0.441979 0.0146625
590 0.000697786 -0.816446 0.604538 -0.441979 0.0146625
591 0.000696015 -0.816446 0.604538 -0.441979 0.0146625
592 0.000694252 -0.816446 0.604538 -0.441979 0.0146625
593 0.000692497 -0.816446 0.604538 -0.441979 0.0146625
594 0.000690749 -0.816446 0.604538 -0.441979 0.0146625
595 0.000689008 -0.816446 0.604538 -0.441979 0.0146625
596 0.000687275 -0.816446 0.604538 -0.441979 0.0146625
597 0.000685549 -0.816446 0.604538 -0.441979 0.0146625
598 0.00068383 -0.816446 0.604538 -0.441979 0.0146625
599 0.000682118 -0.816446 0.604538 -0.441979 0.0146625
600 0.000680414 -0.816446 0.604538 -0.441979 0.0146625
601 0.000678716 -0.816446 0.604538 -0.441979 0.0146625
602 0.000677026 -0.816446 0.604538 -0.441979 0.0146625
603 0.000675342 -0.816446 0.604538 -0.441979 0.0146625
604 0.000673666 -0.816446 0.604538 -0.441979 0.0146625
605 0.000671996 -0.816446 0.604538 -0.441979 0.0146625
606 0.000670334 -0.816446 0.604538 -0.441979 0.0146625
607 0.000668678 -0.816446 0.604538 -0.441979 0.0146625
608 0.000667029 -0.816446 0.604538 -0.441979 0.0146625
609 0.000665387 -0.816446 0.604538 -0.441979 0.0146625
610 0.000663751 -0.816446 0.604538 -0.441979 0.0146625
611 0.000662122 -0.816446 0.604538 -0.441979 0.0146625
612 0.0006605 -0.816446 0.604538 -0.441979 0.0146625
613 0.000658884 -0.816446 0.604538 -0.441979 0.0146625
614 0.000657275 -0.816446 0.604538 -0.441979 0.0146625
615 0.000655673 -0.816446 0.604538 -0.441979 0.0146625
616 0.000654077 -0.816446 0.604538 -0.441979 0.0146625
617 0.000652488 -0.816446 0.604538 -0.441979 0.0146625
618 0.000650905 -0.816446 0.604538 -0.441979 0.0146625
619 0.000649328 -0.816446 0.604538 -0.441979 0.0146625
620 0.000647758 -0.816446 0.604538 -0.441979 0.0146625
621 0.000646194 -0.816446 0.604538 -0.441979 0.0146625
622 0.000644636 -0.816446 0.604538 -0.441979 0.0146625
623 0.000643084 -0.816446 0.604538 -0.441979 0.0146625
624 0.000641539 -0.816446 0.604538 -0.441979 0.0146625
625 0.00064 -0.816446 0.604538 -0.441979 0.0146625
626 0.000638467 -0.816446 0.604538 -0.441979 0.0146625
627 0.00063694 -0.816446 0.604538 -0.441979 0.0146625
628 0.000635419 -0.816446 0.604538 -0.441979 0.0146625
629 0.000633905 -0.816446 0.604538 -0.441979 0.0146625
630 0.000632396 -0.816446 0.604538 -0.441979 0.0146625
631 0.000630893 -0.816446 0.604538 -0.441979 0.0146625
632 0.000629397 -0.816446 0.604538 -0.441979 0.0146625
633 0.000627906 -0.816446 0.604538 -0.441979 0.0146625
634 0.000626421 -0.816446 0.604538 -0.441979 0.0146625
635 0.000624942 -0.816446 0.604538 -0.441979 0.0146625
636 0.000623468 -0.816446 0.604538 -0.441979 0.0146625
637 0.000622001 -0.816446 0.604538 -0.441979 0.0146625
638 0.000620539 -0.816446 0.604538 -0.441979 0.0146625
639 0.000619083 -0.816446 0.604538 -0.441979 0.0146625
640 0.000617632 -0.816446 0.604538 -0.441979 0.0146625
641 0.000616188 -0.816446 0.604538 -0.441979 0.0146625
642 0.000614748 -0.816446 0.604538 -0.441979 0.0146625
643 0.000613315 -0.816446 0.604538 -0.441979 0.0146625
644 0.000611887 -0.816446 0.604538 -0.441979 0.0146625
645 0.000610465 -0.807601 0.625312 -0.442875 0.015245
646 0.000609048 -0.807601 0.625312 -0.442875 0.015245
647 0.000607636 -0.807601 0.625312 -0.442875 0.015245
648 0.00060623 -0.807601 0.625312 -0.442875 0.015245
649 0.000604829 -0.807601 0.625312 -0.442875 0.015245
650 0.000603434 -0.807601 0.625312 -0.442875 0.015245
651 0.000602044 -0.807601 0.625312 -0.442875 0.015245
652 0.00060066 -0.807601 0.625312 -0.442875 0.015245
653 0.000599281 -0.807601 0.625312 -0.442875 0.015245
654 0.000597907 -0.807601 0.625312 -0.442875 0.015245
655 0.000596538 -0.807601 0.625312 -0.442875 0.015245
656 0.000595174 -0.807601 0.625312 -0.442875 0.015245
657 0.000593816 -0.807601 0.625312 -0.442875 0.015245
658 0.000592463 -0.807601 0.625312 -0.442875 0.015245
659 0.000591115 -0.807601 0.625312 -0.442875 0.015245
660 0.000589772 -0.807601 0.625312 -0.442875 0.015245
661 0.000588434 -0.807601 0.625312 -0.442875 0.015245
662 0.000587101 -0.807601 0.625312 -0.442875 0.015245
663 0.000585773 -0.807601 0.625312 -0.442875 0.015245
664 0.000584451 -0.807601 0.625312 -0.442875 0.015245
665 0.000583133 -0.807601 0.625312 -0.442875 0.015245
666 0.00058182 -0.807601 0.625312 -0.442875 0.015245
667 0.000580512 -0.807601 0.625312 -0.442875 0.015245
668 0.000579209 -0.807601 0.625312 -0.442875 0.015245
669 0.000577911 -0.807601 0.625312 -0.442875 0.015245
670 0.000576617 -0.807601 0.625312 -0.442875 0.015245
671 0.000575329 -0.807601 0.625312 -0.442875 0.015245
672 0.000574045 -0.807601 0.625312 -0.442875 0.015245
673 0.000572766 -0.807601 0.625312 -0.442875 0.015245
674 0.000571492 -0.807601 0.625312 -0.442875 0.015245
675 0.000570222 -0.807601 0.625312 -0.442875 0.015245
676 0.000568958 -0.807601 0.625312 -0.442875 0.015245
677 0.000567698 -0.807601 0.625312 -0.442875 0.015245
678 0.000566442 -0.807601 0.625312 -0.442875 0.015245
679 0.000565191 -0.807601 0.625312 -0.442875 0.015245
680 0.000563945 -0.807601 0.625312 -0.442875 0.015245
681 0.000562703 -0.807601 0.625312 -0.442875 0.015245
682 0.000561466 -0.807601 0.625312 -0.442875 0.015245
683 0.000560233 -0.807601 0.625312 -0.442875 0.015245
684 0.000559005 -0.807601 0.625312 -0.442875 0.015245
685 0.000557782 -0.807601 0.625312 -0.442875 0.015245
686 0.000556562 -0.807601 0.625312 -0.442875 0.015245
687 0.000555348 -0.807601 0.625312 -0.442875 0.015245
688 0.000554137 -0.807601 0.625312 -0.442875 0.015245
689 0.000552931 -0.807601 0.625312 -0.442875 0.015245
690 0.00055173 -0.807601 0.625312 -0.442875 0.015245
691 0.000550532 -0.807601 0.625312 -0.442875 0.015245
692 0.00054934 -0.807601 0.625312 -0.442875 0.015245
693 0.000548151 -0.807601 0.625312 -0.442875 0.015245
694 0.000546967 -0.807601 0.625312 -0.442875 0.015245
695 0.000545787 -0.807601 0.625312 -0.442875 0.015245
696 0.000544611 -0.807601 0.625312 -0.442875 0.015245
697 0.000543439 -0.807601 0.625312 -0.442875 0.015245
698 0.000542272 -0.807601 0.625312 -0.442875 0.015245
699 0.000541108 -0.807601 0.625312 -0.442875 0.015245
700 0.000539949 -0.807601 0.625312 -0.442875 0.015245
701 0.000538794 -0.807601 0.625312 -0.442875 0.015245
702 0.000537643 -0.807601 0.625312 -0.442875 0.015245
703 0.000536497 -0.807601 0.625312 -0.442875 0.015245
704 0.000535354 -0.807601 0.625312 -0.442875 0.015245
705 0.000534215 -0.807601 0.625312 -0.442875 0.015245
706 0.000533081 -0.807601 0.625312 -0.442875 0.015245
707 0.00053195 -0.807601 0.625312 -0.442875 0.015245
708 0.000530823 -0.807601 0.625312 -0.442875 0.015245
709 0.000529701 -0.807601 0.625312 -0.442875 0.015245
710 0.000528582 -0.807601 0.625312 -0.442875 0.015245
711 0.000527467 -0.807601 0.625312 -0.442875 0.015245
712 0.000526357 -0.807601 0.625312 -0.442875 0.015245
713 0.00052525 -0.807601 0.625312 -0.442875 0.015245
714 0.000524146 -0.807601 0.625312 -0.442875 0.015245
715 0.000523047 -0.807601 0.625312 -0.442875 0.015245
716 0.000521952 -0.807601 0.625312 -0.442875 0.015245
717 0.00052086 -0.807601 0.625312 -0.442875 0.015245
718 0.000519773 -0.807601 0.625312 -0.442875 0.015245
719 0.000518689 -0.807601 0.625312 -0.442875 0.015245
720 0.000517608 -0.807601 0.625312 -0.442875 0.015245
721 0.000516532 -0.807601 0.625312 -0.442875 0.015245
722 0.000515459 -0.807601 0.625312 -0.442875 0.015245
723 0.00051439 -0.807601 0.625312 -0.442875 0.015245
724 0.000513325 -0.807601 0.625312 -0.442875 0.015245
725 0.000512263 -0.807601 0.625312 -0.442875 0.015245
726 0.000511205 -0.807601 0.625312 -0.442875 0.015245
727 0.000510151 -0.807601 0.625312 -0.442875 0.015245
728 0.0005091 -0.807601 0.625312 -0.442875 0.015245
729 0.000508053 -0.807601 0.625312 -0.442875 0.015245
730 0.000507009 -0.807601 0.625312 -0.442875 0.015245
731 0.000505969 -0.807601 0.625312 -0.442875 0.015245
732 0.000504933 -0.807601 0.625312 -0.442875 0.015245
733 0.0005039 -0.807601 0.625312 -0.442875 0.015245
734 0.00050287 -0.807601 0.625312 -0.442875 0.015245
735 0.000501844 -0.807601 0.625312 -0.442875 0.015245
736 0.000500822 -0.807601 0.625312 -0.442875 0.015245
737 0.000499803 -0.807601 0.625312 -0.442875 0.015245
738 0.000498787 -0.807601 0.625312 -0.442875 0.015245
739 0.000497775 -0.807601 0.625312 -0.442875 0.015245
740 0.000496767 -0.807601 0.625312 -0.442875 0.015245
741 0.000495761 -0.807601 0.625312 -0.442875 0.015245
742 0.00049476 -0.807601 0.625312 -0.442875 0.015245
743 0.000493761 -0.807601 0.625312 -0.442875 0.015245
744 0.000492766 -0.807601 0.625312 -0.442875 0.015245
745 0.000491774 -0.807601 0.625312 -0.442875 0.015245
746 0.000490786 -0.807601 0.625312 -0.442875 0.015245
747 0.0004898 -0.807601 0.625312 -0.442875 0.015245
748 0.000488818 -0.807601 0.625312 -0.442875 0.015245
749 0.00048784 -0.807601 0.625312 -0.442875 0.015245
750 0.000486864 -0.807601 0.625312 -0.442875 0.015245
751 0.000485892 -0.807601 0.625312 -0.442875 0.015245
752 0.000484924 -0.807601 0.625312 -0.442875 0.015245
753 0.000483958 -0.807601 0.625312 -0.442875 0.015245
754 0.000482995 -0.807601 0.625312 -0.442875 0.015245
755 0.000482036 -0.807601 0.625312 -0.442875 0.015245
756 0.00048108 -0.807601 0.625312 -0.442875 0.015245
757 0.000480127 -0.807601 0.625312 -0.442875 0.015245
758 0.000479177 -0.807601 0.625312 -0.442875 0.015245
759 0.000478231 -0.807601 0.625312 -0.442875 0.015245
760 0.000477287 -0.807601 0.625312 -0.442875 0.015245
761 0.000476347 -0.807601 0.625312 -0.442875 0.015245
762 0.000475409 -0.807601 0.625312 -0.442875 0.015245
763 0.000474475 -0.807601 0.625312 -0.442875 0.015245
764 0.000473544 -0.807601 0.625312 -0.442875 0.015245
765 0.000472615 -0.807601 0.625312 -0.442875 0.015245
766 0.00047169 -0.807601 0.625312 -0.442875 0.015245
767 0.000470768 -0.807601 0.625312 -0.442875 0.015245
768 0.000469849 -0.807601 0.625312 -0.442875 0.015245
769 0.000468933 -0.807601 0.625312 -0.442875 0.015245
770 0.000468019 -0.807601 0.625312 -0.442875 0.015245
771 0.000467109 -0.807601 0.625312 -0.442875 0.015245
772 0.000466202 -0.807601 0.625312 -0.442875 0.015245
773 0.000465298 -0.807601 0.625312 -0.442875 0.015245
774 0.000464396 -0.807601 0.625312 -0.442875 0.015245
775 0.000463498 -0.807601 0.625312 -0.442875 0.015245
776 0.000462602 -0.807601 0.625312 -0.442875 0.015245
777 0.000461709 -0.807601 0.625312 -0.442875 0.015245
778 0.000460819 -0.807601 0.625312 -0.442875 0.015245
779 0.000459932 -0.807601 0.625312 -0.442875 0.015245
780 0.000459048 -0.807601 0.625312 -0.442875 0.015245
781 0.000458167 -0.807601 0.625312 -0.442875 0.015245
782 0.000457288 -0.807601 0.625312 -0.442875 0.015245
783 0.000456412 -0.807601 0.625312 -0.442875 0.015245
784 0.000455539 -0.807601 0.625312 -0.442875 0.015245
785 0.000454669 -0.807601 0.625312 -0.442875 0.015245
786 0.000453802 -0.807601 0.625312 -0.442875 0.015245
787 0.000452937 -0.807601 0.625312 -0.442875 0.015245
788 0.000452075 -0.807601 0.625312 -0.442875 0.015245
789 0.000451216 -0.807601 0.625312 -0.442875 0.015245
790 0.00045036 -0.807601 0.625312 -0.442875 0.015245
791 0.000449506 -0.807601 0.625312 -0.442875 0.015245
792 0.000448655 -0.807601 0.625312 -0.442875 0.015245
793 0.000447806 -0.807601 0.625312 -0.442875 0.015245
794 0.000446961 -0.807601 0.625312 -0.442875 0.015245
795 0.000446118 -0.807601 0.625312 -0.442875 0.015245
796 0.000445277 -0.807601 0.625312 -0.442875 0.015245
797 0.000444439 -0.807601 0.625312 -0.442875 0.015245
798 0.000443604 -0.807601 0.625312 -0.442875 0.015245
799 0.000442772 -0.807601 0.625312 -0.442875 0.015245
800 0.000441942 -0.807601 0.625312 -0.442875 0.015245
801 0.000441114 -0.807601 0.625312 -0.442875 0.015245
802 0.00044029 -0.807601 0.625312 -0.442875 0.015245
803 0.000439467 -0.807601 0.625312 -0.442875 0.015245
804 0.000438648 -0.807601 0.625312 -0.442875 0.015245
805 0.000437831 -0.807601 0.625312 -0.442875 0.015245
806 0.000437016 -0.807601 0.625312 -0.442875 0.015245
807 0.000436204 -0.807601 0.625312 -0.442875 0.015245
808 0.000435395 -0.807601 0.625312 -0.442875 0.015245
809 0.000434587 -0.807601 0.625312 -0.442875 0.015245
810 0.000433783 -0.807601 0.625312 -0.442875 0.015245
811 0.000432981 -0.807601 0.625312 -0.442875 0.015245
812 0.000432181 -0.807601 0.625312 -0.442875 0.015245
813 0.000431384 -0.807601 0.625312 -0.442875 0.015245
814 0.000430589 -0.807601 0.625312 -0.442875 0.015245
815 0.000429797 -0.807601 0.625312 -0.442875 0.015245
816 0.000429007 -0.807601 0.625312 -0.442875 0.015245
817 0.00042822 -0.807601 0.625312 -0.442875 0.015245
818 0.000427435 -0.807601 0.625312 -0.442875 0.015245
819 0.000426652 -0.807601 0.625312 -0.442875 0.015245
820 0.000425872 -0.807601 0.625312 -0.442875 0.015245
821 0.000425094 -0.807601 0.625312 -0.442875 0.015245
822 0.000424319 -0.807601 0.625312 -0.442875 0.015245
823 0.000423546 -0.807601 0.625312 -0.442875 0.015245
824 0.000422775 -0.807601 0.625312 -0.442875 0.015245
825 0.000422006 -0.807601 0.625312 -0.442875 0.015245
826 0.00042124 -0.807601 0.625312 -0.442875 0.015245
827 0.000420477 -0.807601 0.625312 -0.442875 0.015245
828 0.000419715 -0.807601 0.625312 -0.442875 0.015245
829 0.000418956 -0.807601 0.625312 -0.442875 0.015245
830 0.000418199 -0.807601 0.625312 -0.442875 0.015245
831 0.000417444 -0.807601 0.625312 -0.442875 0.015245
832 0.000416692 -0.807601 0.625312 -0.442875 0.015245
833 0.000415942 -0.807601 0.625312 -0.442875 0.015245
834 0.000415194 -0.807601 0.625312 -0.442875 0.015245
835 0.000414448 -0.807601 0.625312 -0.442875 0.015245
836 0.000413705 -0.807601 0.625312 -0.442875 0.015245
837 0.000412964 -0.807601 0.625312 -0.442875 0.015245
838 0.000412225 -0.807601 0.625312 -0.442875 0.015245
839 0.000411488 -0.807601 0.625312 -0.442875 0.015245
840 0.000410753 -0.807601 0.625312 -0.442875 0.015245
841 0.000410021 -0.807601 0.625312 -0.442875 0.015245
842 0.000409291 -0.807601 0.625312 -0.442875 0.015245
843 0.000408563 -0.807601 0.625312 -0.442875 0.015245
844 0.000407837 -0.807601 0.625312 -0.442875 0.015245
845 0.000407113 -0.807601 0.625312 -0.442875 0.015245
846 0.000406391 -0.807601 0.625312 -0.442875 0.015245
847 0.000405672 -0.807601 0.625312 -0.442875 0.015245
848 0.000404954 -0.807601 0.625312 -0.442875 0.015245
849 0.000404239 -0.807601 0.625312 -0.442875 0.015245
850 0.000403526 -0.807601 0.625312 -0.442875 0.015245
851 0.000402815 -0.807601 0.625312 -0.442875 0.015245
852 0.000402106 -0.807601 0.625312 -0.442875 0.015245
853 0.000401399 -0.807601 0.625312 -0.442875 0.015245
854 0.000400694 -0.807601 0.625312 -0.442875 0.015245
855 0.000399992 -0.807601 0.625312 -0.442875 0.015245
856 0.000399291 -0.807601 0.625312 -0.442875 0.015245
857 0.000398592 -0.807601 0.625312 -0.442875 0.015245
858 0.000397896 -0.807601 0.625312 -0.442875 0.015245
859 0.000397201 -0.807601 0.625312 -0.442875 0.015245
860 0.000396508 -0.807601 0.625312 -0.442875 0.015245
861 0.000395818 -0.807601 0.625312 -0.442875 0.015245
862 0.000395129 -0.807601 0.625312 -0.442875 0.015245
863 0.000394443 -0.807601 0.625312 -0.442875 0.015245
864 0.000393758 -0.807601 0.625312 -0.442875 0.015245
865 0.000393075 -0.807601 0.625312 -0.442875 0.015245
866 0.000392395 -0.807601 0.625312 -0.442875 0.015245
867 0.000391716 -0.807601 0.625312 -0.442875 0.015245
868 0.000391039 -0.807601 0.625312 -0.442875 0.015245
869 0.000390365 -0.807601 0.625312 -0.442875 0.015245
870 0.000389692 -0.807601 0.625312 -0.442875 0.015245
871 0.000389021 -0.807601 0.625312 -0.442875 0.015245
872 0.000388352 -0.807601 0.625312 -0.442875 0.015245
873 0.000387685 -0.807601 0.625312 -0.442875 0.015245
874 0.00038702 -0.807601 0.625312 -0.442875 0.015245
875 0.000386356 -0.807601 0.625312 -0.442875 0.015245
876 0.000385695 -0.807601 0.625312 -0.442875 0.015245
877 0.000385035 -0.807601 0.625312 -0.442875 0.015245
878 0.000384378 -0.807601 0.625312 -0.442875 0.015245
879 0.000383722 -0.807601 0.625312 -0.442875 0.015245
880 0.000383068 -0.807601 0.625312 -0.442875 0.015245
881 0.000382416 -0.807601 0.625312 -0.442875 0.015245
882 0.000381766 -0.807601 0.625312 -0.442875 0.015245
883 0.000381118 -0.807601 0.625312 -0.442875 0.015245
884 0.000380471 -0.807601 0.625312 -0.442875 0.015245
885 0.000379826 -0.807601 0.625312 -0.442875 0.015245
886 0.000379183 -0.807601 0.625312 -0.442875 0.015245
887 0.000378542 -0.807601 0.625312 -0.442875 0.015245
888 0.000377903 -0.807601 0.625312 -0.442875 0.015245
889 0.000377266 -0.807601 0.625312 -0.442875 0.015245
890 0.00037663 -0.807601 0.625312 -0.442875 0.015245
891 0.000375996 -0.807601 0.625312 -0.442875 0.015245
892 0.000375364 -0.807601 0.625312 -0.442875 0.015245
893 0.000374734 -0.807601 0.625312 -0.442875 0.015245
894 0.000374105 -0.807601 0.625312 -0.442875 0.015245
895 0.000373478 -0.807601 0.625312 -0.442875 0.015245
896 0.000372853 -0.807601 0.625312 -0.442875 0.015245
897 0.00037223 -0.807601 0.625312 -0.442875 0.015245
898 0.000371608 -0.807601 0.625312 -0.442875 0.015245
899 0.000370989 -0.807601 0.625312 -0.442875 0.015245
900 0.00037037 -0.807601 0.625312 -0.442875 0.015245
901 0.000369754 -0.807601 0.625312 -0.442875 0.015245
902 0.000369139 -0.807601 0.625312 -0.442875 0.015245
903 0.000368526 -0.807601 0.625312 -0.442875 0.015245
904 0.000367915 -0.807601 0.625312 -0.442875 0.015245
905 0.000367305 -0.807601 0.625312 -0.442875 0.015245
906 0.000366697 -0.807601 0.625312 -0.442875 0.015245
907 0.000366091 -0.807601 0.625312 -0.442875 0.015245
908 0.000365486 -0.807601 0.625312 -0.442875 0.015245
909 0.000364883 -0.807601 0.625312 -0.442875 0.015245
910 0.000364282 -0.807601 0.625312 -0.442875 0.015245
911 0.000363683 -0.807601 0.625312 -0.442875 0.015245
912 0.000363085 -0.807601 0.625312 -0.442875 0.015245
913 0.000362488 -0.807601 0.625312 -0.442875 0.015245
914 0.000361893 -0.807601 0.625312 -0.442875 0.015245
915 0.0003613 -0.807601 0.625312 -0.442875 0.015245
916 0.000360709 -0.807601 0.625312 -0.442875 0.015245
917 0.000360119 -0.807601 0.625312 -0.442875 0.015245
918 0.000359531 -0.807601 0.625312 -0.442875 0.015245
919 0.000358944 -0.807601 0.625312 -0.442875 0.015245
920 0.000358359 -0.807601 0.625312 -0.442875 0.015245
921 0.000357775 -0.807601 0.625312 -0.442875 0.015245
922 0.000357194 -0.807601 0.625312 -0.442875 0.015245
923 0.000356613 -0.807601 0.625312 -0.442875 0.015245
924 0.000356034 -0.807601 0.625312 -0.442875 0.015245
925 0.000355457 -0.807601 0.625312 -0.442875 0.015245
926 0.000354882 -0.807601 0.625312 -0.442875 0.015245
927 0.000354308 -0.807601 0.625312 -0.442875 0.015245
928 0.000353735 -0.807601 0.625312 -0.442875 0.015245
929 0.000353164 -0.807601 0.625312 -0.442875 0.015245
930 0.000352595 -0.807601 0.625312 -0.442875 0.015245
931 0.000352027 -0.807601 0.625312 -0.442875 0.015245
932 0.00035146 -0.807601 0.625312 -0.442875 0.015245
933 0.000350895 -0.807601 0.625312 -0.442875 0.015245
934 0.000350332 -0.807601 0.625312 -0.442875 0.015245
935 0.00034977 -0.807601 0.625312 -0.442875 0.015245
936 0.00034921 -0.807601 0.625312 -0.442875 0.015245
937 0.000348651 -0.807601 0.625312 -0.442875 0.015245
938 0.000348093 -0.807601 0.625312 -0.442875 0.015245
939 0.000347537 -0.807601 0.625312 -0.442875 0.015245
940 0.000346983 -0.807601 0.625312 -0.442875 0.015245
941 0.00034643 -0.807601 0.625312 -0.442875 0.015245
942 0.000345879 -0.807601 0.625312 -0.442875 0.015245
943 0.000345329 -0.807601 0.625312 -0.442875 0.015245
944 0.00034478 -0.807601 0.625312 -0.442875 0.015245
945 0.000344233 -0.807601 0.625312 -0.442875 0.015245
946 0.000343687 -0.807601 0.625312 -0.442875 0.015245
947 0.000343143 -0.807601 0.625312 -0.442875 0.015245
948 0.0003426 -0.807601 0.625312 -0.442875 0.015245
949 0.000342059 -0.807601 0.625312 -0.442875 0.015245
950 0.000341519 -0.807601 0.625312 -0.442875 0.015245
951 0.00034098 -0.807601 0.625312 -0.442875 0.015245
952 0.000340443 -0.807601 0.625312 -0.442875 0.015245
953 0.000339907 -0.807601 0.625312 -0.442875 0.015245
954 0.000339373 -0.807601 0.625312 -0.442875 0.015245
955 0.00033884 -0.807601 0.625312 -0.442875 0.015245
956 0.000338309 -0.807601 0.625312 -0.442875 0.015245
957 0.000337779 -0.807601 0.625312 -0.442875 0.015245
958 0.00033725 -0.807601 0.625312 -0.442875 0.015245
959 0.000336722 -0.807601 0.625312 -0.442875 0.015245
960 0.000336196 -0.807601 0.625312 -0.442875 0.015245
961 0.000335672 -0.807601 0.625312 -0.442875 0.015245
962 0.000335149 -0.807601 0.625312 -0.442875 0.015245
963 0.000334627 -0.807601 0.625312 -0.442875 0.015245
964 0.000334106 -0.807601 0.625312 -0.442875 0.015245
965 0.000333587 -0.807601 0.625312 -0.442875 0.015245
966 0.000333069 -0.807601 0.625312 -0.442875 0.015245
967 0.000332553 -0.807601 0.625312 -0.442875 0.015245
968 0.000332037 -0.807601 0.625312 -0.442875 0.015245
969 0.000331524 -0.807601 0.625312 -0.442875 0.015245
970 0.000331011 -0.807601 0.625312 -0.442875 0.015245
971 0.0003305 -0.807601 0.625312 -0.442875 0.015245
972 0.00032999 -0.807601 0.625312 -0.442875 0.015245
973 0.000329481 -0.807601 0.625312 -0.442875 0.015245
974 0.000328974 -0.807601 0.625312 -0.442875 0.015245
975 0.000328468 -0.807601 0.625312 -0.442875 0.015245
976 0.000327963 -0.807601 0.625312 -0.442875 0.015245
977 0.00032746 -0.807601 0.625312 -0.442875 0.015245
978 0.000326958 -0.807601 0.625312 -0.442875 0.015245
979 0.000326457 -0.807601 0.625312 -0.442875 0.015245
980 0.000325957 -0.807601 0.625312 -0.442875 0.015245
981 0.000325459 -0.807601 0.625312 -0.442875 0.015245
982 0.000324962 -0.807601 0.625312 -0.442875 0.015245
983 0.000324466 -0.807601 0.625312 -0.442875 0.015245
984 0.000323972 -0.807601 0.625312 -0.442875 0.015245
985 0.000323479 -0.807601 0.625312 -0.442875 0.015245
986 0.000322987 -0.807601 0.625312 -0.442875 0.015245
987 0.000322496 -0.807601 0.625312 -0.442875 0.015245
988 0.000322006 -0.807601 0.625312 -0.442875 0.015245
989 0.000321518 -0.807601 0.625312 -0.442875 0.015245
990 0.000321031 -0.807601 0.625312 -0.442875 0.015245
991 0.000320545 -0.807601 0.625312 -0.442875 0.015245
992 0.000320061 -0.807601 0.625312 -0.442875 0.015245
993 0.000319577 -0.807601 0.625312 -0.442875 0.015245
994 0.000319095 -0.807601 0.625312 -0.442875 0.015245
995 0.000318614 -0.807601 0.625312 -0.442875 0.015245
996 0.000318135 -0.807601 0.625312 -0.442875 0.015245
997 0.000317656 -0.807601 0.625312 -0.442875 0.015245
998 0.000317179 -0.807601 0.625312 -0.442875 0.015245
999 0.000316703 -0.807601 0.625312 -0.442875 0.015245
